0.082 1018.43474607384
0.165 1060.54983175104
0.247 1156.24121484783
0.33 1137.57471138672
0.413 1226.42602572845
0.495 1212.09498227039
0.578 1407.12905284096
0.661 1451.44024985406
0.743 1571.63923730439
0.826 1748.60231846778
0.908 1960.74435181359
0.991 2070.39169294385
1.074 2282.76450783036
1.156 2441.69971774379
1.239 2666.48182915056
1.322 2702.19164992945
1.404 2941.50147368183
1.487 3117.48003230214
1.569 3184.29410046
1.652 3372.89772410716
1.735 3265.37601854013
1.817 3479.47815317418
1.9 3654.25153713785
1.983 3531.88533335787
2.065 3498.95975358454
2.148 3882.5721274736
2.231 3746.13301687279
2.313 3965.70247465721
2.396 3878.79560079015
2.478 4034.27541151096
2.561 3939.47488219531
2.644 4164.88237948945
2.726 3965.30080426174
2.809 4209.75042704946
2.892 3825.97676376114
2.974 4050.8812337907
3.057 4256.69343742764
3.139 4159.35968859461
3.222 4262.07922047564
3.305 4164.30772334079
3.387 4398.3603176539
3.47 4420.58961298745
3.553 4220.47935381786
3.635 4251.83575481925
3.718 4461.02571024086
3.8 4485.46228519185
3.883 4533.77906771112
3.966 4583.51118765528
4.048 4813.38148295506
4.131 5063.42638999506
4.214 4952.57986239354
4.296 4905.02923720736
4.379 4846.09589478246
4.462 4874.95091681558
4.544 5086.99031579132
4.627 5313.65978831632
4.709 5024.68614458836
4.792 5298.01304807231
4.875 5380.97052535752
4.957 5452.02134540644
5.04 4956.26454951981
5.123 5553.38455571364
5.205 5446.36115425977
5.288 5471.19770439303
5.37 5672.77797324843
5.453 5407.3891709494
5.536 5845.71582440422
5.618 5793.68400406618
5.701 5667.73928297013
5.784 5775.39700025397
5.866 5854.9875349503
5.949 6173.98080750476
6.032 6568.04981779339
6.114 6467.44509294078
6.197 6228.20762484623
6.279 6181.32763535019
6.362 6212.87711431771
6.445 6266.49060054724
6.527 6805.20879305744
6.61 6481.68062546471
6.693 6648.84932103079
6.775 6712.43696808089
6.858 6970.35576091945
6.94 6865.72195716752
7.023 7436.93839486202
7.106 7727.94836835113
7.188 8108.74095500702
7.271 7845.97612221589
7.354 7621.05182133928
7.436 7408.06686681547
7.519 7278.11460250421
7.601 7933.24943113921
7.684 8188.80711228099
7.767 7535.10792398235
7.849 8286.17699289003
7.932 8589.6163402974
8.015 8030.90935025789
8.097 8327.75316259817
8.18 8422.31065255148
8.263 8358.90854592354
