0.082 5156.61226265604
0.165 4996.58942077919
0.247 5053.11241562321
0.33 4941.7701583118
0.413 5452.54637042309
0.495 5099.46673222527
0.578 5496.17212506334
0.661 5569.10801529339
0.743 5459.77105727073
0.826 5919.38875749251
0.908 6072.80471187088
0.991 6239.53276976883
1.074 6684.3945506519
1.156 6709.12016491426
1.239 7207.96901277086
1.322 7455.2521444221
1.404 7480.72424844615
1.487 7563.49848129705
1.569 7912.53392320844
1.652 8076.02358647676
1.735 7663.39358809662
1.817 8097.31060106109
1.9 8321.11512656568
1.983 8560.29927570312
2.065 8015.05394679907
2.148 8474.83792341686
2.231 8357.10375632856
2.313 8538.70976840727
2.396 8407.11808128844
2.478 8763.26014413298
2.561 8543.19241307759
2.644 8632.33915882464
2.726 8162.37533604783
2.809 8866.74748530713
2.892 8352.13772143403
2.974 8582.8423102853
3.057 8680.24753399207
3.139 8562.71703176652
3.222 9045.1001620362
3.305 9290.36215265255
3.387 8742.38033991434
3.47 9164.11643698901
3.553 8861.99357857888
3.635 9566.47189435244
3.718 9717.59643495778
3.8 9609.181790601
3.883 9544.44422169435
3.966 9910.04404873405
4.048 10256.8163078746
4.131 10669.2694383956
4.214 10499.0786239018
4.296 10723.8496182975
4.379 10794.0884270844
4.462 11218.6343872461
4.544 11343.1260070465
4.627 11229.4217949096
4.709 11313.8377550926
4.792 11285.1494501275
4.875 11510.3197201967
4.957 11425.8006069287
5.04 10954.093037799
5.123 11553.9759161684
5.205 11991.3448850147
5.288 11635.8812474759
5.37 12036.9502565961
5.453 11404.2467836496
5.536 11998.3354972179
5.618 12529.7886174015
5.701 12464.7815936222
5.784 11975.5584747804
5.866 12473.874535295
5.949 12800.1614979646
6.032 13068.3246403944
6.114 13002.915832502
6.197 12739.5528585264
6.279 13282.8745311123
6.362 13642.0727314026
6.445 12382.9428438687
6.527 13653.1904372915
6.61 13186.5483662231
6.693 14186.9167071175
6.775 13680.4221395064
6.858 13965.5889145375
6.94 13860.155811393
7.023 14099.2221496683
7.106 14407.7468265014
7.188 14993.3551685645
7.271 14008.9051475144
7.354 15093.6174284253
7.436 15710.5877558496
7.519 15551.7897015358
7.601 14698.8008237596
7.684 15929.3634699183
7.767 15755.9012992655
7.849 14772.3800267571
7.932 15956.809874867
8.015 16004.6506735863
8.097 15980.0989194916
8.18 15376.8232181421
8.263 15991.0142661971
