0.082 15621.7387596301
0.165 16077.0817740251
0.247 16253.0716506526
0.33 15929.7220389711
0.413 16270.9552413189
0.495 16092.2326378754
0.578 16015.1017588454
0.661 16162.9198053767
0.743 15524.0526709961
0.826 16065.225609141
0.908 16348.3315106354
0.991 16230.4936735876
1.074 16956.7343660388
1.156 16897.0222672668
1.239 17746.7305080033
1.322 17526.6119307026
1.404 17338.470653429
1.487 17793.1254304865
1.569 18115.9488857376
1.652 18141.4293166028
1.735 17030.9165983621
1.817 18170.6096293502
1.9 18030.9445121729
1.983 18647.3514042922
2.065 17873.7677090708
2.148 18098.3628479751
2.231 18585.5249435855
2.313 17857.1262300378
2.396 17650.6796977775
2.478 18368.3529964247
2.561 18038.6533533545
2.644 18362.6510030732
2.726 17499.4023045618
2.809 18485.4267868213
2.892 17917.3228239211
2.974 18312.3862090716
3.057 17938.7404228084
3.139 18083.8142355523
3.222 18637.261383262
3.305 19170.7371429908
3.387 19840.8358288664
3.47 20424.2585572317
3.553 19435.6055064371
3.635 20395.7357568958
3.718 20188.1680857876
3.8 20676.1454980894
3.883 20727.2095900124
3.966 21392.7830280036
4.048 21504.4977861991
4.131 22217.4342008883
4.214 21454.0784815306
4.296 22269.8885704187
4.379 22727.714960511
4.462 23306.840143902
4.544 23384.4441678403
4.627 23061.1809256588
4.709 24542.1760927728
4.792 22494.5995234786
4.875 22988.352764792
4.957 23894.1320889408
5.04 22745.3415470777
5.123 24214.6912756424
5.205 23851.2051564936
5.288 23278.7539945267
5.37 24086.9704200115
5.453 23082.9211237408
5.536 24144.5094619048
5.618 24829.2180500863
5.701 23863.4714837422
5.784 24730.1909541937
5.866 24083.6025040923
5.949 24770.3998047103
6.032 24847.8619022746
6.114 25250.3157824198
6.197 25455.7660236802
6.279 25899.6945740389
6.362 27070.4790586679
6.445 24774.6102381206
6.527 26694.7701768036
6.61 25282.0755294733
6.693 27132.5055790037
6.775 26767.7064981768
6.858 27004.8369170751
6.94 26803.1376508411
7.023 28095.2649371604
7.106 27277.442935059
7.188 29030.9908614293
7.271 27889.468713868
7.354 28881.6787965395
7.436 28215.7697148313
7.519 28097.7442095603
7.601 27689.3955602281
7.684 28921.1060865922
7.767 29473.3935327336
7.849 28929.0252555447
7.932 29790.4591780414
8.015 30272.4338960803
8.097 30260.6374344372
8.18 30199.8123778682
8.263 29106.9348886222
