0.082 8.33827866519609
0.165 21.0374311145569
0.247 54.7612836402232
0.33 88.0603046357072
0.413 131.382673297331
0.495 207.591831350907
0.578 273.381522204603
0.661 329.970077310459
0.743 420.518607917532
0.826 514.330805975864
0.908 574.461270049954
0.991 687.196499309553
1.074 811.819211100916
1.156 843.144637183848
1.239 990.710781168563
1.322 1071.8164731882
1.404 1155.45526781147
1.487 1198.96713456303
1.569 1276.88830508317
1.652 1351.5212870436
1.735 1378.77129730412
1.817 1441.64743793404
1.9 1586.76024585027
1.983 1634.65002855862
2.065 1519.15986643524
2.148 1685.08254511471
2.231 1634.79175448531
2.313 1825.71437305427
2.396 1833.51193099217
2.478 1897.24217991219
2.561 1823.16160320484
2.644 1783.95350966086
2.726 1849.70219754591
2.809 1924.05137938521
2.892 1856.92435358882
2.974 1829.62217549957
3.057 1940.38023296558
3.139 1930.97690797974
3.222 2065.5660072044
3.305 1923.6276775854
3.387 1780.96874153193
3.47 1932.25218631466
3.553 1781.09592613635
3.635 1984.0668124126
3.718 2024.67474378667
3.8 1957.37295617983
3.883 1828.80941172994
3.966 2030.68364856056
4.048 2138.71243755339
4.131 2006.25555269871
4.214 2076.32483196665
4.296 2015.49724479883
4.379 2253.86166329519
4.462 2126.75546337705
4.544 2180.14799015393
4.627 2218.77973892091
4.709 2300.00483368483
4.792 2301.13469423575
4.875 2333.69684692309
4.957 2244.52868341484
5.04 2285.32387288924
5.123 2404.62775782789
5.205 2180.50107908987
5.288 2402.09578281008
5.37 2662.53402436069
5.453 2715.38362671463
5.536 2601.74270968141
5.618 2517.59595986502
5.701 2503.39246239761
5.784 2496.60820927159
5.866 2795.08611327711
5.949 2621.09653777267
6.032 2808.81085660782
6.114 2791.64999444976
6.197 2582.79854525248
6.279 2908.94996087472
6.362 2943.23674690789
6.445 3007.56806752478
6.527 2911.75878625177
6.61 3004.84743130024
6.693 3094.71859282229
6.775 2947.28449779113
6.858 2999.62254093818
6.94 2848.95518120175
7.023 3192.14212178765
7.106 3211.84824844043
7.188 3118.74986512678
7.271 3310.34051335135
7.354 2996.69562133819
7.436 3387.92161632481
7.519 3457.15676443365
7.601 3481.59533635461
7.684 3806.83169113083
7.767 3445.55355769955
7.849 3522.2613581151
7.932 3556.72765480562
8.015 3303.57475420325
8.097 3750.00691302569
8.18 3569.53415603704
8.263 3854.00573223788
