Пористость  
65
Модуль Юнга
16
Предел упругости
0,768
Деформация предела упругости
0,048
Предел текучести
0,858
Деформация предела текучести
0,056
Предел прочности
1,15
Деформация предела прочности
0,109
Распределение
5,8 6
8,7 1
11,6 3
14,5 4
17,4 4
20,3 6
23,2 11
26,099999999999998 10
29 17
31,9 25
34,8 15
37,699999999999996 25
40,6 14
43,5 18
46,4 24
49,3 16
52,199999999999996 16
55,1 34
58 21
60,9 27
63,8 13
66,7 16
69,6 13
72,5 14
75,39999999999999 9
78,3 9
81,2 16
84,1 16
87 9
89,89999999999999 15
92,8 6
95,7 8
98,6 11
101,5 9
104,39999999999999 7
107,3 5
110,2 8
113,1 7
116 6
118,89999999999999 4
121,8 2
124,7 8
127,6 4
130,5 3
133,4 4
136,29999999999998 4
139,2 1
142,1 0
145 0
147,9 1
150,79999999999998 2
153,7 1
156,6 5
159,5 2
162,4 0
165,29999999999998 0
168,2 1
171,1 0
174 0
176,9 2
179,79999999999998 2
182,7 0
185,6 0
188,5 1
191,4 0
194,29999999999998 2
197,2 0
200,1 0
203 0
205,9 0
208,79999999999998 0
211,7 0
214,6 0
217,5 1
220,4 0
223,29999999999998 0
226,2 0
229,1 0
232 0
