Пористость  
75
Модуль Юнга
14,3
Предел упругости
0,3
Деформация предела упругости
0,021
Предел текучести
0,33
Деформация предела текучести
0,026
Предел прочности
0,786
Деформация предела прочности
0,464
Распределение
5,8 77
8,7 450
11,6 441
14,5 420
17,4 374
20,3 356
23,2 332
26,099999999999998 308
29 284
31,9 284
34,8 231
37,699999999999996 235
40,6 280
43,5 221
46,4 190
49,3 170
52,199999999999996 184
55,1 168
58 164
60,9 149
63,8 127
66,7 122
69,6 110
72,5 77
75,39999999999999 79
78,3 74
81,2 59
84,1 55
87 65
89,89999999999999 48
92,8 33
95,7 51
98,6 33
101,5 33
104,39999999999999 24
107,3 28
110,2 34
113,1 20
116 22
118,89999999999999 17
121,8 10
124,7 19
127,6 13
130,5 14
133,4 10
136,29999999999998 8
139,2 15
142,1 14
145 13
147,9 8
150,79999999999998 9
153,7 7
156,6 8
159,5 9
162,4 5
165,29999999999998 8
168,2 4
171,1 1
174 3
176,9 1
179,79999999999998 5
182,7 4
185,6 3
188,5 2
191,4 2
194,29999999999998 2
197,2 3
200,1 1
203 0
205,9 0
208,79999999999998 3
211,7 2
214,6 0
217,5 0
220,4 0
223,29999999999998 0
226,2 0
229,1 1
232 0
234,9 1
