Пористость  
53,5
Модуль Юнга
16,4
Предел упругости
0,986
Деформация предела упругости
0,058
Предел текучести
1,07
Деформация предела текучести
0,065
Предел прочности
1,57
Деформация предела прочности
0,338
Распределение
5,8 177
8,7 1487
11,6 1523
14,5 1390
17,4 1275
20,3 1174
23,2 1088
26,099999999999998 998
29 882
31,9 751
34,8 753
37,699999999999996 654
40,6 530
43,5 459
46,4 478
49,3 424
52,199999999999996 357
55,1 327
58 260
60,9 255
63,8 227
66,7 240
69,6 208
72,5 186
75,39999999999999 146
78,3 172
81,2 128
84,1 125
87 100
89,89999999999999 80
92,8 76
95,7 68
98,6 53
101,5 76
104,39999999999999 57
107,3 59
110,2 48
113,1 52
116 39
118,89999999999999 32
121,8 27
124,7 19
127,6 30
130,5 24
133,4 25
136,29999999999998 22
139,2 12
142,1 16
145 12
147,9 9
150,79999999999998 9
153,7 9
156,6 9
159,5 7
162,4 3
165,29999999999998 3
168,2 1
171,1 6
174 6
176,9 5
179,79999999999998 3
182,7 3
185,6 3
188,5 3
191,4 2
194,29999999999998 7
197,2 3
200,1 0
203 0
205,9 1
208,79999999999998 4
211,7 3
214,6 1
217,5 0
220,4 0
223,29999999999998 0
226,2 0
229,1 0
232 0
234,9 1
