Пористость  
75
Модуль Юнга
5,27
Предел упругости
0,316
Деформация предела упругости
0,06
Предел текучести
0,36
Деформация предела текучести
0,07
Предел прочности
0,496
Деформация предела прочности
0,144
Распределение
5,8 102
8,7 715
11,6 756
14,5 673
17,4 575
20,3 552
23,2 526
26,099999999999998 447
29 407
31,9 343
34,8 294
37,699999999999996 307
40,6 271
43,5 244
46,4 228
49,3 188
52,199999999999996 208
55,1 172
58 186
60,9 155
63,8 130
66,7 139
69,6 131
72,5 109
75,39999999999999 105
78,3 90
81,2 76
84,1 72
87 47
89,89999999999999 36
92,8 46
95,7 37
98,6 27
101,5 25
104,39999999999999 21
107,3 15
110,2 14
113,1 11
116 16
118,89999999999999 9
121,8 14
124,7 7
127,6 7
130,5 7
133,4 4
136,29999999999998 5
139,2 7
142,1 5
145 5
147,9 4
150,79999999999998 4
153,7 2
156,6 4
159,5 2
162,4 1
165,29999999999998 1
168,2 0
171,1 2
174 1
176,9 3
179,79999999999998 2
182,7 1
185,6 1
188,5 1
191,4 1
194,29999999999998 1
197,2 1
200,1 0
203 1
205,9 0
208,79999999999998 0
211,7 1
214,6 0
217,5 0
220,4 0
223,29999999999998 0
226,2 0
229,1 0
