Пористость  
53,5
Модуль Юнга
15,76
Предел упругости
0,74
Деформация предела упругости
0,041
Предел текучести
0,85
Деформация предела текучести
0,058
Предел прочности
1,28
Деформация предела прочности
0,188
Распределение
5,8 173
8,7 1427
11,6 1437
14,5 1204
17,4 1172
20,3 1023
23,2 939
26,099999999999998 830
29 791
31,9 687
34,8 639
37,699999999999996 549
40,6 522
43,5 513
46,4 419
49,3 421
52,199999999999996 343
55,1 327
58 320
60,9 266
63,8 279
66,7 226
69,6 230
72,5 178
75,39999999999999 198
78,3 196
81,2 177
84,1 99
87 151
89,89999999999999 119
92,8 109
95,7 110
98,6 87
101,5 77
104,39999999999999 67
107,3 61
110,2 63
113,1 56
116 41
118,89999999999999 47
121,8 34
124,7 38
127,6 35
130,5 28
133,4 26
136,29999999999998 22
139,2 20
142,1 19
145 15
147,9 10
150,79999999999998 17
153,7 14
156,6 15
159,5 12
162,4 14
165,29999999999998 3
168,2 7
171,1 4
174 5
176,9 9
179,79999999999998 4
182,7 9
185,6 1
188,5 5
191,4 0
194,29999999999998 4
197,2 0
200,1 3
203 2
205,9 3
208,79999999999998 2
211,7 0
214,6 2
217,5 1
220,4 1
223,29999999999998 1
226,2 0
229,1 1
232 0
234,9 1
