Пористость  
75
Модуль Юнга
7
Предел упругости
0,344
Деформация предела упругости
0,044
Предел текучести
0,47
Деформация предела текучести
0,066
Предел прочности
0,664
Деформация предела прочности
0,1505
Распределение
5,8 148
8,7 733
11,6 747
14,5 707
17,4 671
20,3 700
23,2 611
26,099999999999998 597
29 607
31,9 518
34,8 526
37,699999999999996 527
40,6 452
43,5 406
46,4 440
49,3 410
52,199999999999996 369
55,1 323
58 301
60,9 304
63,8 270
66,7 252
69,6 213
72,5 233
75,39999999999999 199
78,3 192
81,2 184
84,1 182
87 151
89,89999999999999 135
92,8 122
95,7 104
98,6 127
101,5 101
104,39999999999999 92
107,3 105
110,2 81
113,1 82
116 100
118,89999999999999 94
121,8 69
124,7 73
127,6 67
130,5 66
133,4 57
136,29999999999998 50
139,2 59
142,1 50
145 45
147,9 44
150,79999999999998 33
153,7 35
156,6 41
159,5 27
162,4 29
165,29999999999998 23
168,2 27
171,1 29
174 31
176,9 20
179,79999999999998 15
182,7 13
185,6 19
188,5 13
191,4 13
194,29999999999998 7
197,2 8
200,1 12
203 10
205,9 12
208,79999999999998 3
211,7 9
214,6 6
217,5 11
220,4 6
223,29999999999998 13
226,2 8
229,1 2
232 7
234,9 3
237,79999999999998 11
240,7 6
243,6 2
246,5 3
249,4 2
252,29999999999998 1
255,2 0
258,09999999999997 5
261 1
263,9 2
266,8 2
269,7 2
272,59999999999997 3
275,5 2
278,4 3
281,3 3
284,2 1
287,09999999999997 1
290 0
292,9 0
295,8 1
298,7 1
301,59999999999997 4
304,5 2
307,4 1
310,3 1
313,2 2
316,09999999999997 0
319 1
321,9 1
324,8 0
327,7 0
330,59999999999997 1
333,5 1
336,4 1
339,3 2
342,2 0
345,09999999999997 1
348 0
350,9 0
353,8 0
356,7 1
359,59999999999997 0
362,5 0
365,4 0
368,3 1
371,2 0
374,09999999999997 1
377 0
379,9 0
382,8 0
385,7 0
388,59999999999997 0
391,5 0
394,4 0
397,3 0
400,2 0
403,09999999999997 0
406 0
408,9 0
