Пористость  
75
Модуль Юнга
5,3
Предел упругости
0,27
Деформация предела упругости
0,051
Предел текучести
0,343
Деформация предела текучести
0,067
Предел прочности
0,726
Деформация предела прочности
0,345
Распределение
5,8 101
8,7 693
11,6 672
14,5 627
17,4 643
20,3 583
23,2 521
26,099999999999998 493
29 427
31,9 432
34,8 331
37,699999999999996 326
40,6 277
43,5 255
46,4 238
49,3 227
52,199999999999996 190
55,1 160
58 130
60,9 129
63,8 103
66,7 109
69,6 78
72,5 70
75,39999999999999 56
78,3 54
81,2 56
84,1 42
87 44
89,89999999999999 33
92,8 23
95,7 25
98,6 30
101,5 35
104,39999999999999 21
107,3 17
110,2 16
113,1 21
116 9
118,89999999999999 17
121,8 11
124,7 7
127,6 12
130,5 14
133,4 5
136,29999999999998 7
139,2 8
142,1 6
145 7
147,9 4
150,79999999999998 1
153,7 3
156,6 2
159,5 1
162,4 2
165,29999999999998 0
168,2 0
171,1 2
174 1
176,9 2
179,79999999999998 2
182,7 0
185,6 2
188,5 1
191,4 0
194,29999999999998 0
197,2 0
200,1 0
203 0
205,9 1
208,79999999999998 0
211,7 0
214,6 0
217,5 0
220,4 0
223,29999999999998 0
226,2 0
229,1 0
232 0
234,9 0
