Пористость  
65
Модуль Юнга
10,3
Предел упругости
0,4
Деформация предела упругости
0,039
Предел текучести
0,4
Деформация предела текучести
0,039
Предел прочности
0,54
Деформация предела прочности
0,07
Распределение
5,8 123
8,7 697
11,6 684
14,5 634
17,4 597
20,3 537
23,2 528
26,099999999999998 461
29 423
31,9 434
34,8 382
37,699999999999996 388
40,6 302
43,5 336
46,4 269
49,3 254
52,199999999999996 231
55,1 206
58 213
60,9 200
63,8 177
66,7 168
69,6 160
72,5 164
75,39999999999999 139
78,3 130
81,2 119
84,1 105
87 105
89,89999999999999 86
92,8 76
95,7 80
98,6 58
101,5 52
104,39999999999999 60
107,3 54
110,2 57
113,1 39
116 46
118,89999999999999 31
121,8 36
124,7 32
127,6 31
130,5 26
133,4 25
136,29999999999998 16
139,2 30
142,1 19
145 14
147,9 25
150,79999999999998 14
153,7 9
156,6 8
159,5 14
162,4 5
165,29999999999998 10
168,2 2
171,1 4
174 6
176,9 6
179,79999999999998 4
182,7 6
185,6 3
188,5 2
191,4 1
194,29999999999998 2
197,2 1
200,1 3
203 0
205,9 1
208,79999999999998 1
211,7 1
214,6 1
217,5 1
220,4 1
223,29999999999998 1
226,2 1
229,1 1
232 0
234,9 0
237,79999999999998 2
