Пористость  
65
Модуль Юнга
10,8
Предел упругости
0,515
Деформация предела упругости
0,044
Предел текучести
0,56
Деформация предела текучести
0,055
Предел прочности
1,056
Деформация предела прочности
0,212
Распределение
5,8 86
8,7 777
11,6 747
14,5 729
17,4 766
20,3 648
23,2 611
26,099999999999998 593
29 530
31,9 463
34,8 456
37,699999999999996 402
40,6 402
43,5 344
46,4 337
49,3 265
52,199999999999996 276
55,1 209
58 221
60,9 189
63,8 164
66,7 176
69,6 122
72,5 131
75,39999999999999 137
78,3 137
81,2 107
84,1 84
87 78
89,89999999999999 69
92,8 68
95,7 50
98,6 58
101,5 45
104,39999999999999 43
107,3 40
110,2 42
113,1 36
116 23
118,89999999999999 28
121,8 28
124,7 25
127,6 28
130,5 22
133,4 18
136,29999999999998 16
139,2 13
142,1 13
145 14
147,9 17
150,79999999999998 20
153,7 12
156,6 7
159,5 8
162,4 9
165,29999999999998 4
168,2 5
171,1 9
174 3
176,9 2
179,79999999999998 4
182,7 1
185,6 6
188,5 2
191,4 7
194,29999999999998 2
197,2 2
200,1 4
203 2
205,9 3
208,79999999999998 1
211,7 3
214,6 2
217,5 3
220,4 1
223,29999999999998 2
226,2 3
229,1 1
232 1
234,9 0
237,79999999999998 1
240,7 1
