Пористость  
53,5
Модуль Юнга
16,4
Предел упругости
0,81
Деформация предела упругости
0,043
Предел текучести
1,017
Деформация предела текучести
0,065
Предел прочности
1,86
Деформация предела прочности
0,404
Распределение
5,8 162
8,7 1471
11,6 1623
14,5 1388
17,4 1203
20,3 1168
23,2 1083
26,099999999999998 1013
29 893
31,9 759
34,8 733
37,699999999999996 706
40,6 586
43,5 551
46,4 492
49,3 424
52,199999999999996 421
55,1 333
58 336
60,9 300
63,8 270
66,7 261
69,6 213
72,5 182
75,39999999999999 155
78,3 148
81,2 118
84,1 154
87 109
89,89999999999999 81
92,8 73
95,7 80
98,6 64
101,5 67
104,39999999999999 62
107,3 45
110,2 45
113,1 46
116 28
118,89999999999999 33
121,8 22
124,7 24
127,6 24
130,5 16
133,4 26
136,29999999999998 14
139,2 13
142,1 17
145 17
147,9 12
150,79999999999998 12
153,7 11
156,6 9
159,5 8
162,4 7
165,29999999999998 5
168,2 2
171,1 12
174 4
176,9 5
179,79999999999998 4
182,7 3
185,6 3
188,5 5
191,4 3
194,29999999999998 2
197,2 1
200,1 2
203 3
205,9 2
208,79999999999998 4
211,7 0
214,6 2
217,5 2
220,4 1
223,29999999999998 3
226,2 0
229,1 1
232 0
234,9 0
