Пористость  
75
Модуль Юнга
3,64
Предел упругости
0,131
Деформация предела упругости
0,036
Предел текучести
0,143
Деформация предела текучести
0,0445
Предел прочности
0,28
Деформация предела прочности
0,123
Распределение
5,8 104
8,7 808
11,6 885
14,5 901
17,4 820
20,3 902
23,2 821
26,099999999999998 799
29 739
31,9 771
34,8 733
37,699999999999996 687
40,6 618
43,5 560
46,4 474
49,3 399
52,199999999999996 361
55,1 370
58 283
60,9 301
63,8 249
66,7 243
69,6 242
72,5 228
75,39999999999999 147
78,3 174
81,2 155
84,1 171
87 147
89,89999999999999 130
92,8 124
95,7 101
98,6 105
101,5 86
104,39999999999999 92
107,3 80
110,2 64
113,1 67
116 55
118,89999999999999 51
121,8 55
124,7 47
127,6 39
130,5 32
133,4 34
136,29999999999998 25
139,2 23
142,1 18
145 25
147,9 21
150,79999999999998 24
153,7 26
156,6 16
159,5 20
162,4 15
165,29999999999998 15
168,2 10
171,1 8
174 6
176,9 7
179,79999999999998 9
182,7 7
185,6 3
188,5 10
191,4 11
194,29999999999998 4
197,2 6
200,1 4
203 2
205,9 2
208,79999999999998 3
211,7 4
214,6 3
217,5 1
220,4 3
223,29999999999998 4
226,2 1
229,1 1
232 2
234,9 4
237,79999999999998 2
240,7 0
243,6 1
246,5 1
249,4 1
252,29999999999998 2
255,2 1
258,09999999999997 1
261 0
263,9 1
266,8 1
269,7 1
272,59999999999997 1
275,5 3
278,4 0
281,3 1
284,2 0
287,09999999999997 0
290 1
292,9 0
295,8 0
298,7 0
301,59999999999997 0
304,5 0
307,4 0
310,3 0
313,2 0
316,09999999999997 0
319 0
321,9 0
324,8 0
327,7 0
330,59999999999997 0
333,5 1
336,4 0
339,3 0
342,2 0
345,09999999999997 0
348 0
350,9 0
353,8 0
356,7 0
359,59999999999997 0
362,5 0
365,4 0
368,3 0
371,2 0
374,09999999999997 0
377 0
379,9 0
382,8 0
385,7 0
388,59999999999997 0
391,5 0
394,4 0
397,3 0
400,2 0
