0.083 4310.72324890829
0.166 4261.86200083482
0.25 4472.57761357802
0.333 4593.84773508677
0.417 4502.53347351876
0.5 4707.02620560956
0.583 4536.70326777937
0.667 4975.39107842687
0.75 5000.19703063456
0.834 5460.60856344873
0.917 5597.73083568019
1 5828.8101927628
1.084 6124.81949948068
1.167 6572.34430287917
1.251 6694.37091185374
1.334 6709.96252706072
1.417 7041.23353406666
1.501 7626.29641670171
1.584 8186.20248622949
1.668 7624.70399456307
1.751 7711.68125459479
1.834 8136.99999998743
1.918 8207.15163941108
2.001 8210.84941007482
2.085 8248.72815271987
2.168 8444.30987000116
2.251 8355.30374005439
2.335 8511.68261427819
2.418 8519.08383668604
2.502 8500.57049729169
2.585 8574.06289867742
2.669 8634.78622230055
2.752 8290.92326029788
2.835 8289.91179846897
2.919 7690.2354504329
3.002 8699.74669798012
3.086 8181.15422003019
3.169 8376.67072519778
3.252 8742.07967975929
3.336 9432.40955469215
3.419 8419.71206026004
3.503 8736.34911910209
3.586 9103.58864392133
3.669 8864.55987110936
3.753 9100.44902266393
3.836 9674.38221836349
3.92 9334.11329307075
4.003 9453.65374977647
4.086 9924.85579465494
4.17 10034.2338222979
4.253 10127.7701345637
4.337 9942.32099903528
4.42 10581.870173369
4.503 10624.623325404
4.587 10209.8021250609
4.67 10020.7478442954
4.754 10534.6514621866
4.837 10794.9098274957
4.92 11662.8360131744
5.004 11270.807371942
5.087 11078.0916827055
5.171 11234.4537715529
5.254 11510.385963647
5.338 10817.2263919691
5.421 10713.675202927
5.504 11589.4547078136
5.588 11187.4449889619
5.671 11462.571600244
5.755 11229.0983824636
5.838 11892.2516760893
5.921 11008.2295606942
6.005 12122.9303590374
6.088 10970.9047138286
6.172 11966.7407847727
6.255 11828.8894443827
6.338 12442.4145063719
6.422 11945.9789121545
6.505 12084.977914699
6.589 12431.6288591585
6.672 12826.5971751557
6.755 12566.662677602
6.839 12589.0609456105
6.922 12757.4507358707
7.006 13306.999597423
7.089 13242.7789414596
7.172 14316.5735433974
7.256 13991.7634160942
7.339 13532.0064990224
7.423 13914.3897303294
7.506 14390.3710181682
7.59 14325.4856813481
7.673 14605.1364356725
7.756 13881.0788587533
7.84 14831.0532447386
7.923 14110.450355652
8.007 14550.6502949055
8.09 15250.6147935907
8.173 14518.1747443805
8.257 14452.0479734391
8.34 15141.0763275881
