0.083 4.66401281040573
0.166 28.3797886102928
0.25 55.484494751538
0.333 95.7860111862206
0.417 145.600284453269
0.5 203.301612335009
0.583 280.36883802409
0.667 346.414901393239
0.75 424.855445562633
0.834 496.000966295838
0.917 657.471045253937
1 732.652940474294
1.084 829.165812024891
1.167 932.742977769543
1.251 1031.07767604714
1.334 1075.18320074196
1.417 1173.91264746974
1.501 1243.00400319026
1.584 1428.18255020211
1.668 1373.27605357783
1.751 1440.2222051214
1.834 1550.12554748806
1.918 1573.73309275693
2.001 1631.39700560476
2.085 1622.12119378533
2.168 1692.01938720809
2.251 1769.11199175491
2.335 1768.71818742041
2.418 1881.83688981262
2.502 1874.67619633629
2.585 1892.63862217288
2.669 1995.43332045711
2.752 1900.7480418763
2.835 1813.19410674859
2.919 1713.8490201973
3.002 1850.37438154696
3.086 1759.37671490655
3.169 1669.46972633944
3.252 1962.85652690958
3.336 2055.87859088447
3.419 1807.05003173203
3.503 1823.15640193053
3.586 2103.40704578745
3.669 1873.76151267904
3.753 1903.45512324145
3.836 1988.84319270221
3.92 1800.51786845825
4.003 1815.41763065499
4.086 2061.73471407604
4.17 1857.21058183185
4.253 1835.11483218474
4.337 2062.9461883995
4.42 2001.93035957482
4.503 2001.3060110485
4.587 2132.08082050384
4.67 2147.30022403195
4.754 2063.1266331202
4.837 2088.51829315282
4.92 2143.49305307424
5.004 2257.96354866084
5.087 2260.53592942766
5.171 2290.32211500424
5.254 2296.11308601532
5.338 2530.68849570674
5.421 2296.3509479847
5.504 2382.22921229321
5.588 2378.67529732101
5.671 2686.61182454415
5.755 2499.43251868317
5.838 2528.96840539532
5.921 2320.38962291517
6.005 2622.21233842257
6.088 2547.74657696897
6.172 2790.34273362886
6.255 2625.82127265702
6.338 2567.25233716946
6.422 2935.85807736648
6.505 2717.72886800223
6.589 2658.0974630657
6.672 2713.79892747862
6.755 2785.36832388899
6.839 2729.2741853319
6.922 2691.62082606809
7.006 2823.77036827787
7.089 2827.58216403178
7.172 2889.37430977113
7.256 2831.52669503872
7.339 3236.92609388287
7.423 2803.53270037453
7.506 3248.14369558271
7.59 3308.85528704173
7.673 3087.63025707876
7.756 3076.76612513932
7.84 3305.0099609818
7.923 3033.26025273526
8.007 3340.17233223432
8.09 3424.42161235377
8.173 3434.22309570571
8.257 3441.67532919503
8.34 3377.96733093522
