0.083 14434.5698321459
0.166 14562.5992777251
0.25 15013.8128497075
0.333 15015.5638258402
0.417 14763.2000368989
0.5 14951.5289560539
0.583 14099.5519102115
0.667 14942.4189893834
0.75 14496.4040378286
0.834 15212.2921940679
0.917 15065.1544928404
1 15201.8189680885
1.084 15657.4672439843
1.167 16255.6761738418
1.251 16035.7481166749
1.334 16054.5134694726
1.417 16797.1468490675
1.501 17754.2773985021
1.584 17970.0203117986
1.668 17037.9297373322
1.751 17204.5497946569
1.834 17864.4575185243
1.918 17794.2429435178
2.001 17884.1286089198
2.085 17911.7736541979
2.168 17643.7906033153
2.251 17839.8231288698
2.335 18266.7255580717
2.418 17534.1487096365
2.502 17620.2706796452
2.585 18218.2414578943
2.669 17481.7173225215
2.752 17341.8590111677
2.835 17912.5802150232
2.919 16838.2863383582
3.002 18543.8152315009
3.086 17823.8513924517
3.169 18431.1119973235
3.252 18542.5014211237
3.336 19663.4428806695
3.419 18551.9218780098
3.503 18487.6929313785
3.586 19047.7841454533
3.669 19442.3415431497
3.753 19276.8338472977
3.836 20103.4841663178
3.92 20239.1961727502
4.003 20026.3197416263
4.086 20733.5470667101
4.17 20509.2190004674
4.253 22236.7987325654
4.337 20744.9970758846
4.42 21947.1277824678
4.503 22527.852501703
4.587 20743.5392563957
4.67 21689.2483131002
4.754 22408.6952342595
4.837 23267.3597363273
4.92 24040.4828044974
5.004 23174.5283790708
5.087 23213.0157050252
5.171 22563.6408573415
5.254 22679.3295969664
5.338 22050.8348351175
5.421 21407.350403113
5.504 23094.5650072916
5.588 22817.2681722136
5.671 23278.5632339326
5.755 22094.4763082459
5.838 23114.7607639727
5.921 23946.5497880155
6.005 23009.3138224232
6.088 22465.3970332723
6.172 23872.4797329685
6.255 25644.6984970867
6.338 25071.2308499971
6.422 24619.2591035658
6.505 24781.3003134146
6.589 25033.5582584131
6.672 26085.0886907543
6.755 24236.7827914836
6.839 25397.6048680474
6.922 25740.7755978976
7.006 26366.0704805998
7.089 27710.7277242448
7.172 27478.3872528708
7.256 27270.2255115917
7.339 26164.029265624
7.423 27481.0035097138
7.506 26974.4141773162
7.59 25720.5228162158
7.673 27142.4297478558
7.756 27953.9940882161
7.84 27373.7810702056
7.923 27719.4768492373
8.007 27000.5770270884
8.09 27608.2983468475
8.173 26821.3408359803
8.257 28735.6338604689
8.34 28578.3204071865
