0.083 884.892398988853
0.166 968.498982352182
0.25 1041.80418585419
0.333 1115.18909181969
0.417 1012.90413091128
0.5 1108.51038939627
0.583 1221.08939279116
0.667 1422.88775474808
0.75 1432.10518903044
0.834 1601.02195751965
0.917 1865.25854202561
1 1940.21243506882
1.084 2215.81338195248
1.167 2373.97394074196
1.251 2639.72645779676
1.334 2577.54079120972
1.417 2854.39178158229
1.501 2998.60164923799
1.584 3285.07969140335
1.668 3291.27023012009
1.751 3248.26660676218
1.834 3585.51890835076
1.918 3702.29917310149
2.001 3705.54025451441
2.085 3726.25125918111
2.168 3919.56182217747
2.251 3926.68158348513
2.335 3978.17691458408
2.418 3928.6331555004
2.502 3920.67961121415
2.585 4002.19520492118
2.669 4008.36209675248
2.752 4106.06129465449
2.835 4000.21352694773
2.919 3875.77661977919
3.002 4313.83982304454
3.086 4038.77249672703
3.169 4129.92896138162
3.252 4051.15212369361
3.336 4493.13434973021
3.419 4057.02004256144
3.503 4112.7922843397
3.586 4390.66696285908
3.669 4184.35456589611
3.753 4217.86690903922
3.836 4523.25099853046
3.92 4305.93589558919
4.003 4156.87724418416
4.086 4471.16043827727
4.17 4619.71863238936
4.253 4676.44195406484
4.337 4632.02229763408
4.42 4723.19809130519
4.503 4784.16552033681
4.587 4680.70801523076
4.67 4795.55682187412
4.754 4832.16714873893
4.837 5165.40653659528
4.92 5047.90902616394
5.004 5306.1222254971
5.087 4952.41913736217
5.171 5067.3253204366
5.254 5343.88461627545
5.338 5288.46273910156
5.421 5358.03175565561
5.504 5748.95148568389
5.588 5253.70034048092
5.671 5435.1936565612
5.755 5579.98463385602
5.838 5783.08817163158
5.921 5806.83762580912
6.005 5603.45107645312
6.088 5658.34386752974
6.172 5908.67038746233
6.255 6144.13857134459
6.338 5800.2700181057
6.422 6186.00224993534
6.505 5924.43403447495
6.589 6063.00925494051
6.672 6570.78396831062
6.755 6435.6388061597
6.839 6640.67938800082
6.922 6798.02606288041
7.006 6524.78031579028
7.089 6759.21049110365
7.172 6783.27762816438
7.256 6822.85424712943
7.339 6872.2468677427
7.423 7247.39496082184
7.506 6828.66139168675
7.59 6925.69237102083
7.673 7191.30801748101
7.756 7303.0443134749
7.84 7073.84988375931
7.923 7800.73919765956
8.007 7327.12334791484
8.09 7648.67694271082
8.173 7427.43959960873
8.257 7917.74663518096
8.34 8169.80102019036
