0.082 15356.5575195305
0.164 16309.5899686757
0.247 16187.5032847095
0.329 16005.1899541147
0.412 16415.3468839659
0.494 16290.0448168749
0.577 16461.0746138899
0.659 16625.5328222323
0.741 16449.2796174693
0.824 17229.011522084
0.906 16738.3286165211
0.989 16304.3424884719
1.071 16725.0067866677
1.154 16858.8369764986
1.236 17677.8033466968
1.319 17048.2415142092
1.401 16855.5348794607
1.483 17988.6463194366
1.566 17641.7769309119
1.648 18382.5689333466
1.731 17959.1174620804
1.813 18297.6885025227
1.896 19013.3809875172
1.978 18542.3849478161
2.06 18227.9132778664
2.143 18123.181391493
2.225 18630.7852658865
2.308 17985.2089721898
2.39 19047.9925833474
2.473 17702.2836412617
2.555 18304.7918351094
2.638 18585.4641376505
2.72 17988.971951093
2.802 17840.7485217628
2.885 18496.3114623057
2.967 18180.7263629516
3.05 18052.7618423825
3.132 18807.1925096385
3.215 18442.4192441074
3.297 19160.7832109997
3.38 19307.8804184763
3.462 20373.9682962099
3.544 19388.3970308985
3.627 20076.4466734634
3.709 20869.927226062
3.792 20901.6615988959
3.874 20209.20279173
3.957 21911.6287626121
4.039 21330.9246516457
4.121 21699.0493098476
4.204 22093.230455236
4.286 22706.9639737713
4.369 23601.0218084722
4.451 23772.3974561786
4.534 22859.7198856538
4.616 23357.8930388297
4.699 23811.4212252408
4.781 23785.7221039418
4.863 22438.9911317964
4.946 23425.1314957207
5.028 23380.0067215218
5.111 25107.2664022217
5.193 25079.7455184131
5.276 25176.263400378
5.358 25625.893944073
5.44 24416.9572246363
5.523 24819.7169627313
5.605 25724.8334823694
5.688 24961.9173914175
5.77 24277.010816756
5.853 24674.7250019817
5.935 26642.0135037249
6.018 26329.4430145324
6.1 26023.2620293219
6.182 24924.2068530043
6.265 25394.5787895239
6.347 26482.4230563868
6.43 26707.9260325429
6.512 27241.9683772721
6.595 26391.713712076
6.677 25520.6889046343
6.76 28086.8634432188
6.842 26842.9627639174
6.924 27956.0636418531
7.007 28901.6337042262
7.089 27048.2276667822
7.172 27736.5468405661
7.254 28809.6751484381
7.337 29372.4072012196
7.419 29032.5586593024
7.501 28582.7277670325
7.584 29226.7952317676
7.666 31037.3415527961
7.749 28010.5792602184
7.831 31148.8110768272
7.914 30066.8891745943
7.996 31407.7390452368
8.079 30890.6423807964
8.161 32948.209028064
8.243 31773.093702784
