0.082 1088.82695803704
0.164 1152.74147577615
0.247 1100.32272962651
0.329 1202.55040077099
0.412 1253.53190280856
0.494 1279.19401534928
0.577 1539.09888015141
0.659 1525.93933720477
0.741 1615.10227934064
0.824 1802.03016494424
0.906 2057.80102438884
0.989 1917.67692444769
1.071 2170.67340115088
1.154 2394.77150351463
1.236 2623.13645592649
1.319 2591.18929833352
1.401 2909.30482649246
1.483 3032.75694284093
1.566 3148.23567915234
1.648 3400.48985957093
1.731 3382.09455154666
1.813 3613.80549546208
1.896 3539.98553638588
1.978 3653.86905984491
2.06 3918.65496511526
2.143 3650.56180062158
2.225 4009.21574811353
2.308 3791.03317087088
2.39 4056.65485132535
2.473 4057.20591351185
2.555 3937.87598444061
2.638 3952.70580824805
2.72 3948.17206958194
2.802 4044.13540415663
2.885 4282.97042068376
2.967 4156.8735017584
3.05 4136.45541914886
3.132 4128.38783831449
3.215 4254.11190928134
3.297 4425.94012375326
3.38 4608.47398772921
3.462 4450.20356716411
3.544 4576.1716087087
3.627 4637.86829893757
3.709 4313.19504735596
3.792 4484.52150325106
3.874 4584.04189946924
3.957 4558.81141548759
4.039 4650.70073157396
4.121 4727.08421034389
4.204 4844.95508642617
4.286 5167.13299602654
4.369 4869.52758592387
4.451 5191.16917195283
4.534 5102.49278397763
4.616 5200.54459040967
4.699 5317.5855089096
4.781 5129.31592326083
4.863 5144.89228140329
4.946 5475.32392182714
5.028 5889.13392362966
5.111 5353.98991644927
5.193 5739.60094276727
5.276 5486.19025881308
5.358 5860.06937286795
5.44 5312.19127073215
5.523 5820.95689050679
5.605 5858.43063841619
5.688 5909.33859644563
5.77 6424.73576115168
5.853 6389.60484157205
5.935 6282.14086080135
6.018 6233.884592549
6.1 6390.61490632365
6.182 6665.75739506659
6.265 6619.67674976811
6.347 6780.58158294764
6.43 6841.56955301915
6.512 6557.58987848656
6.595 7086.37928562947
6.677 7032.71095055669
6.76 7115.0136864493
6.842 7182.34430663671
6.924 7328.23265846397
7.007 7876.55000262115
7.089 7334.40613857566
7.172 7161.57144760637
7.254 8350.4380099777
7.337 7348.44116060611
7.419 7857.5737522865
7.501 8437.42503744906
7.584 7499.30424522967
7.666 6983.2670971413
7.749 7408.03356071577
7.831 8310.13837306322
7.914 8643.99388725695
7.996 8620.81874642435
8.079 8476.62902591212
8.161 9454.50715333499
8.243 8428.30169327265
