0.082 4913.95866367648
0.164 5148.87407206725
0.247 5025.49930758644
0.329 5187.71761646808
0.412 5367.74191158533
0.494 5421.79589772722
0.577 5611.74027534421
0.659 5768.54153259365
0.741 5814.89812018744
0.824 6251.29690567889
0.906 6282.9615386595
0.989 6183.64771178414
1.071 6459.80971546961
1.154 6727.37027544795
1.236 7217.80007409136
1.319 7016.97095473442
1.401 7332.36868773485
1.483 7604.28992580152
1.566 7767.23145908523
1.648 8123.83832765373
1.731 8241.26590353701
1.813 8724.73131948807
1.896 8518.93957520468
1.978 8774.84438048937
2.06 8829.52744565509
2.143 8293.27952759357
2.225 8665.5377122889
2.308 8414.81248600448
2.39 9002.31543175203
2.473 8584.74409720752
2.555 8479.78891371096
2.638 8895.00944582201
2.72 8482.77614834704
2.802 8652.57171105691
2.885 8710.95086096626
2.967 8517.4504556617
3.05 8501.55386797337
3.132 8542.21621970628
3.215 8656.55411163365
3.297 9042.84414707458
3.38 9215.44682196779
3.462 9567.61177728641
3.544 9123.69756675199
3.627 9516.78059786351
3.709 9719.36858024132
3.792 9810.69745389479
3.874 9724.69786539216
3.957 10313.0375113848
4.039 10621.3316173082
4.121 10600.3991388809
4.204 10914.7332780295
4.286 10669.1366084405
4.369 11394.1667819795
4.451 11461.9370415415
4.534 11079.104241335
4.616 11641.4733940316
4.699 11377.8195823319
4.781 11827.2420139014
4.863 11582.6696462454
4.946 11874.8560723779
5.028 11635.597879165
5.111 11634.5691797923
5.193 12028.9823391475
5.276 12230.1898960817
5.358 12705.7780815105
5.44 12182.068335785
5.523 12590.5063307062
5.605 12813.3787990869
5.688 12039.1184959308
5.77 12280.7899790004
5.853 12133.6195463832
5.935 13144.5027049854
6.018 13182.9176859603
6.1 12692.4820420543
6.182 13186.9111928762
6.265 12808.187894431
6.347 13206.6297641845
6.43 12822.1313638254
6.512 13928.928768206
6.595 14563.2753296491
6.677 12499.5314671614
6.76 14121.3963163276
6.842 13400.1755965416
6.924 14076.4973632081
7.007 14801.0676834814
7.089 14510.5908235974
7.172 14069.9450156509
7.254 15360.7464951156
7.337 15883.8974270282
7.419 15595.6976090541
7.501 15969.913346885
7.584 15898.8483594345
7.666 15940.1410715002
7.749 15834.8465707334
7.831 16933.1670940745
7.914 16354.5448519226
7.996 16045.4997105422
8.079 16046.1392401542
8.161 16852.8994045138
8.243 16708.1806093242
