0.082 3.6518228878461
0.164 24.8309678106605
0.247 46.3654203738019
0.329 83.433582479902
0.412 139.89904316729
0.494 192.237977126569
0.577 255.128436540073
0.659 331.943493905289
0.741 431.460763835589
0.824 500.240427819404
0.906 607.807552984787
0.989 662.136015695495
1.071 757.591521813621
1.154 823.303199043984
1.236 961.580374510072
1.319 1013.75818146392
1.401 1148.2157588823
1.483 1164.26286856481
1.566 1269.87922184594
1.648 1358.31614040934
1.731 1476.24141838769
1.813 1697.43520867863
1.896 1563.05866271645
1.978 1714.8823962306
2.06 1699.72899892459
2.143 1627.37801493669
2.225 1700.7243787748
2.308 1747.60323898735
2.39 1849.59294065234
2.473 1832.53173433439
2.555 1843.073745954
2.638 1868.33072693605
2.72 1795.92607618843
2.802 1845.41057339884
2.885 1893.26779598167
2.967 1867.11856412143
3.05 1861.4481460596
3.132 1826.09932942571
3.215 1878.86152639771
3.297 2013.73224453303
3.38 2007.08283029808
3.462 2023.91394819642
3.544 1847.30230154966
3.627 2020.72002262006
3.709 1873.73321401294
3.792 2007.86848872457
3.874 1984.57587057642
3.957 1964.90193564612
4.039 2069.94197512455
4.121 2106.60806195984
4.204 2262.21155893411
4.286 1968.80811779624
4.369 2017.35558506221
4.451 2123.49732532686
4.534 2245.46734701243
4.616 2450.62129347826
4.699 2348.05401622184
4.781 2196.38292239246
4.863 2289.76918111625
4.946 2434.77729503753
5.028 2526.37273620562
5.111 2377.49161917353
5.193 2545.45835034588
5.276 2651.27945461337
5.358 2610.14502892998
5.44 2463.19668798337
5.523 2779.97619677225
5.605 2724.50030003306
5.688 2694.69181091911
5.77 2597.72343963307
5.853 2744.08836672279
5.935 2555.00439627561
6.018 2554.40855898184
6.1 2707.74173248225
6.182 2625.60711156002
6.265 2861.03571594155
6.347 2762.23772211074
6.43 2853.83367939248
6.512 3144.12185373842
6.595 2883.01856139795
6.677 3209.357024051
6.76 3023.70339938046
6.842 3126.37246896352
6.924 3037.95365860219
7.007 3073.13869526218
7.089 3416.33026722029
7.172 3102.23431399249
7.254 3349.63562199817
7.337 3096.55360823009
7.419 3305.53106265502
7.501 3436.28270402957
7.584 3661.80981869487
7.666 3595.31135187013
7.749 3692.54355388911
7.831 3397.86731754499
7.914 3923.53468684724
7.996 3591.50241259538
8.079 3637.67520043461
8.161 3574.97009912625
8.243 3784.19615694884
