0.083 1023.82555003376
0.166 1023.78355073221
0.249 1009.36209142767
0.332 1068.40174697338
0.416 1050.90128105732
0.499 1188.56866856616
0.582 1261.42395616667
0.665 1365.32530016415
0.749 1503.57436880227
0.832 1670.34171407012
0.915 1752.33275519092
0.998 2166.84411559242
1.081 2082.17239078993
1.165 2492.63844999372
1.248 2656.45258488096
1.331 2716.19845824049
1.414 2830.07707496409
1.498 2953.46029670438
1.581 3175.44270660702
1.664 3280.8820002776
1.747 3681.20713159831
1.83 3477.20561412934
1.914 3665.79450366805
1.997 3632.50825892491
2.08 3603.1428678903
2.163 4045.56350643965
2.247 3857.59312052357
2.33 3925.8407470332
2.413 3995.54767814657
2.496 3881.94752053456
2.58 3881.73711261137
2.663 4045.00098580687
2.746 3746.00233853479
2.829 4049.52212436404
2.912 4066.57965327813
2.996 4050.06143377449
3.079 3995.00765513769
3.162 4125.03620864728
3.245 4159.07495481573
3.329 4083.70794542028
3.412 4149.31987106203
3.495 4114.0626205318
3.578 4071.89657257223
3.661 4089.56752728016
3.745 4317.46439258241
3.828 4270.85295991774
3.911 4438.81496113686
3.994 4651.16802817289
4.078 4493.9414557415
4.161 4726.03818812328
4.244 4380.39730100442
4.327 4646.53049446043
4.41 4652.83601674437
4.494 4766.04942729597
4.577 5042.96430131162
4.66 4798.91244244756
4.743 4896.86406310566
4.827 5120.54686702845
4.91 5185.87381037716
4.993 5214.82938170018
5.076 5097.65343090614
5.16 5396.25360450282
5.243 5393.40035273045
5.326 5367.51382301608
5.409 5476.95028758194
5.492 5223.61892216529
5.576 5581.7076427979
5.659 5627.33505225025
5.742 5405.46953469189
5.825 5744.49218749565
5.909 5938.95837396023
5.992 5406.9902913864
6.075 6394.63740550153
6.158 5643.0518622846
6.241 6156.19355515825
6.325 6452.10376954583
6.408 6240.05766906896
6.491 5920.87826550242
6.574 5942.5458855671
6.658 6473.47814442604
6.741 6266.8773023185
6.824 6323.24493506246
6.907 6849.36018196282
6.99 6804.10723536929
7.074 6693.44925553665
7.157 6918.12354489219
7.24 6974.74374064238
7.323 6952.44114741835
7.407 6965.91035171457
7.49 7573.23524389363
7.573 7764.13783839149
7.656 6872.24029388012
7.74 7511.05220948835
7.823 7490.1238869696
7.906 7804.54940658804
7.989 7324.49894104958
8.072 7662.34833288424
8.156 7774.20805274631
8.239 7938.49557451905
8.322 7768.29091271012
