0.083 4590.99661147264
0.166 4492.61919809822
0.249 4861.17486528663
0.332 4650.64475727111
0.416 4725.26342824215
0.499 4887.61212060419
0.582 4880.38081202226
0.665 5067.69553342369
0.749 5023.59118750916
0.832 5433.63555338045
0.915 5527.67700769366
0.998 6054.36507990093
1.081 6032.5608419125
1.165 6536.30614425815
1.248 6825.78628585896
1.331 7127.87032634708
1.414 7137.35556259922
1.498 7294.27552361058
1.581 7464.2616381486
1.664 7864.6932699695
1.747 8123.57804475888
1.83 8115.68423615347
1.914 8413.49766236117
1.997 8146.43624005569
2.08 8036.75634106732
2.163 8547.95641329326
2.247 8500.51738131322
2.33 8489.96273825257
2.413 8605.50664057571
2.496 8399.33032584785
2.58 8365.55351631269
2.663 8299.13471862872
2.746 8039.38284492488
2.829 8212.20612347374
2.912 8387.10755767806
2.996 8642.47711400487
3.079 8261.60695909416
3.162 8686.91903817631
3.245 8264.43778064633
3.329 8797.75685631191
3.412 8961.48905149456
3.495 8384.93499292367
3.578 9035.59429582292
3.661 9146.80110150027
3.745 9357.74637011469
3.828 9153.46862423505
3.911 9798.9325562995
3.994 9968.47264363581
4.078 9751.55395905885
4.161 10166.9778454673
4.244 9932.06087905877
4.327 10614.4377798498
4.41 10389.658864954
4.494 10439.2700049967
4.577 11118.4200620866
4.66 10665.9099943584
4.743 10205.2406330696
4.827 11231.5328844668
4.91 11261.8618718572
4.993 11239.4595279447
5.076 11240.5870362196
5.16 11008.048005474
5.243 11296.4625292899
5.326 11040.082903073
5.409 11413.0398441974
5.492 10649.0019648749
5.576 11800.0568128066
5.659 12267.9101901852
5.742 11983.3948938258
5.825 11669.3757548631
5.909 11559.9194215907
5.992 12175.7994831172
6.075 12313.6764543075
6.158 12045.1260254056
6.241 12257.3008981384
6.325 12273.1814485631
6.408 12240.604116201
6.491 12530.8917261786
6.574 12514.8821125121
6.658 12277.9085701341
6.741 12577.1168584653
6.824 13209.256103955
6.907 12951.2557646686
6.99 13502.1783806691
7.074 13817.1874509139
7.157 13126.1548656584
7.24 14165.0323333462
7.323 14361.8740218598
7.407 14442.6496047491
7.49 14664.3306932334
7.573 14152.8735862675
7.656 13561.4717365251
7.74 14914.1127073367
7.823 14469.8997307364
7.906 14562.041343414
7.989 15849.6163563426
8.072 14643.7636536568
8.156 15571.31869091
8.239 14941.5137289996
8.322 15827.2536173009
