0.083 5.04386750866095
0.166 20.6902097524046
0.249 56.2874539198163
0.332 94.7166755851476
0.416 144.735208539864
0.499 206.085912982677
0.582 280.50084146611
0.665 353.002473403052
0.749 420.070864080048
0.832 534.959911165429
0.915 605.875847153373
0.998 778.824548514085
1.081 778.934822270842
1.165 897.275873442553
1.248 984.867951814732
1.331 1138.48810374054
1.414 1119.60416841299
1.498 1223.04145316123
1.581 1309.00661356272
1.664 1400.96150328916
1.747 1561.55036685318
1.83 1536.18320106997
1.914 1658.48603087344
1.997 1604.38581485573
2.08 1639.35559076912
2.163 1836.63345720314
2.247 1767.80646594957
2.33 1841.67363364612
2.413 1884.26281395726
2.496 1900.34141877256
2.58 1768.88289760833
2.663 1713.88379564933
2.746 1748.83105511013
2.829 1846.69216786099
2.912 1730.75044075515
2.996 1967.09939554517
3.079 1794.13445006167
3.162 1848.98030064714
3.245 1766.5667828484
3.329 1959.54699444178
3.412 1879.09962105457
3.495 1795.30174543979
3.578 1753.19555517164
3.661 1737.8834853062
3.745 1848.895128154
3.828 1773.02471989541
3.911 2034.59943487635
3.994 1879.07005363432
4.078 1950.99216993331
4.161 1985.83304521013
4.244 1980.05877293294
4.327 2002.45414646065
4.41 2081.61749500635
4.494 1985.79917421311
4.577 2268.83469398781
4.66 2133.44689985258
4.743 2099.23101322243
4.827 2276.81439316221
4.91 2135.51374507607
4.993 2245.83645353371
5.076 2265.10946238913
5.16 2090.28558327358
5.243 2486.03764909614
5.326 2306.49191143495
5.409 2464.24307196274
5.492 2267.48655058939
5.576 2158.31219121448
5.659 2585.71684960814
5.742 2573.03018655535
5.825 2768.07914748933
5.909 2791.81862999545
5.992 2583.75850436962
6.075 2642.54849471583
6.158 2481.82449368348
6.241 2670.95175582246
6.325 2307.20147610404
6.408 2919.94652537531
6.491 2751.74678394748
6.574 2585.34458517473
6.658 2578.26298273866
6.741 2652.15302488428
6.824 2918.37977922352
6.907 2672.23565580127
6.99 3315.00066107934
7.074 3132.81967159702
7.157 2898.09946151306
7.24 3026.20408642297
7.323 2774.91387093237
7.407 3063.34607183593
7.49 2951.24057655595
7.573 2926.21759232092
7.656 3298.72761546255
7.74 3019.59945178011
7.823 3084.08509864541
7.906 3359.42255899133
7.989 3372.60125229091
8.072 3055.36145210623
8.156 3629.64129268489
8.239 3119.50023610235
8.322 3569.13541407309
