0.083 15241.4814680853
0.166 15142.7530388715
0.249 15842.1576703543
0.332 15079.7496781592
0.416 15294.2435544265
0.499 14930.9457366247
0.582 14727.8186659545
0.665 15363.7880635712
0.749 14516.1336106485
0.832 15250.4672009962
0.915 15197.3299583118
0.998 15601.9433460856
1.081 15652.8186462978
1.165 16043.7386239373
1.248 16764.1634718995
1.331 16718.9114711645
1.414 17047.7041667931
1.498 16938.2665081416
1.581 17001.9911515664
1.664 18043.3714331662
1.747 17723.8205636579
1.83 17964.07640322
1.914 17950.6906344548
1.997 17772.4774232043
2.08 17613.0577651604
2.163 17999.7624620041
2.247 18062.6813316234
2.33 17607.6775148221
2.413 18192.886858019
2.496 17816.858369502
2.58 18122.9306898003
2.663 17902.5467025746
2.746 17600.971013938
2.829 16832.8308537207
2.912 18182.2686047067
2.996 17962.3208704351
3.079 17630.377122771
3.162 18147.6932515009
3.245 18422.3088464737
3.329 18668.8880244585
3.412 19551.7324495826
3.495 18681.3382804521
3.578 19683.5992656392
3.661 20184.6615311512
3.745 19966.2642177857
3.828 19860.5975582826
3.911 20757.7403998484
3.994 21206.2636684358
4.078 20288.6009625163
4.161 21806.5208619388
4.244 21935.8795228452
4.327 22448.7056914543
4.41 22280.0318225389
4.494 22107.311726574
4.577 22435.9912679587
4.66 22104.9225960221
4.743 21311.9415848684
4.827 23427.6259151989
4.91 23131.8699052462
4.993 23465.95935993
5.076 23506.5611054188
5.16 22784.4120875444
5.243 23081.4816407802
5.326 23756.1198044809
5.409 22676.5207177077
5.492 22598.097126921
5.576 24367.6323325227
5.659 23999.7232967776
5.742 23364.8322835982
5.825 23043.0186160632
5.909 22846.7686708954
5.992 24664.4587212449
6.075 25193.0005181855
6.158 24089.4973752378
6.241 23672.7331443958
6.325 23935.5696306118
6.408 24007.4555490265
6.491 25232.274079258
6.574 27242.8984844953
6.658 24452.8107765044
6.741 26168.0081408731
6.824 25586.3964030442
6.907 26749.4279282844
6.99 26289.9789769076
7.074 26219.7768227327
7.157 24520.7648675298
7.24 27988.0952655612
7.323 27917.5561509943
7.407 26404.0110338478
7.49 28891.605816467
7.573 28109.504720696
7.656 27268.0299108154
7.74 27252.9479923492
7.823 27241.5570101212
7.906 28754.1028859695
7.989 28746.1781923251
8.072 29269.6078862544
8.156 28816.3265455945
8.239 28488.3810597089
8.322 29664.705853257
