0.082 4678.13239241269
0.165 4974.22652696589
0.248 4962.95321786463
0.331 4806.42946850287
0.414 5102.66268475227
0.497 5236.48774721868
0.579 5586.3669101682
0.662 5355.11585447327
0.745 5437.4770370438
0.828 5553.3143385305
0.911 5881.89843775034
0.994 6173.03981554451
1.077 6388.30102499299
1.159 6590.96664551252
1.242 7079.39528129723
1.325 7196.99279829856
1.408 7073.60583961722
1.491 7523.32252995771
1.574 7767.40801375791
1.657 7580.33316999797
1.739 7980.96144425962
1.822 8310.72406347109
1.905 8526.84942195209
1.988 8673.24586821003
2.071 8908.39140096572
2.154 8765.9317561
2.237 8496.16964688346
2.319 9112.3300323552
2.402 8206.948108247
2.485 7965.49921835247
2.568 8530.47937933012
2.651 8695.19209815331
2.734 8512.6608854172
2.817 8682.83234091941
2.899 8336.29973046349
2.982 8347.74074647295
3.065 8425.13563350734
3.148 8423.34552703353
3.231 9030.67960946782
3.314 8855.71131176458
3.396 8802.95227257469
3.479 9280.56287021812
3.562 9237.88883555008
3.645 9017.17101864691
3.728 9490.06866487028
3.811 9573.68290801581
3.894 9775.30759253153
3.976 9857.96605081232
4.059 10097.3001394447
4.142 10374.2041335943
4.225 10627.6317509497
4.308 10563.6241046375
4.391 10541.6936191823
4.474 11063.388481943
4.556 11236.5597848578
4.639 10989.1195697727
4.722 10812.9867131621
4.805 10729.3968442576
4.888 11642.0754545564
4.971 11473.3274679792
5.054 11477.4928994176
5.136 11703.0172954162
5.219 11145.1020750558
5.302 11284.7778479132
5.385 11562.3286871372
5.468 12466.0191542285
5.551 11784.3041204188
5.634 11319.6409076445
5.716 11638.6411252438
5.799 11846.8798109934
5.882 12487.4344858053
5.965 13111.2375525499
6.048 12077.7141614647
6.131 12072.7884994476
6.214 12798.0659468817
6.296 13315.6840070948
6.379 12839.776497208
6.462 13045.9628384047
6.545 13287.7584716262
6.628 13309.7894879305
6.711 13335.1670634612
6.793 13776.9136143724
6.876 13545.822491076
6.959 12965.7015619589
7.042 12632.5232925959
7.125 14456.2027489565
7.208 14867.6653415714
7.291 14281.6080729706
7.373 15017.4863255233
7.456 14663.5011221839
7.539 14818.3872865109
7.622 14919.4454512451
7.705 15037.4841468694
7.788 15460.0043883239
7.871 14656.6470412581
7.953 16469.8104340176
8.036 15543.3576110593
8.119 14934.9003961067
8.202 16287.3981610246
8.285 16029.1174689466
