0.082 1089.02209282316
0.165 1094.65741709237
0.248 1018.94514933996
0.331 1264.99464764957
0.414 1288.72366828046
0.497 1242.94156252177
0.579 1333.06693952068
0.662 1430.4593788127
0.745 1520.39400475318
0.828 1733.13113434408
0.911 1898.70299012094
0.994 2057.72510267938
1.077 2297.16464116196
1.159 2325.2305067967
1.242 2707.62908672339
1.325 2732.66861273835
1.408 2922.10948081964
1.491 3002.5848394998
1.574 3289.0945160368
1.657 3204.68154068045
1.739 3288.12456513262
1.822 3530.48237502414
1.905 3554.00384321144
1.988 3695.8328365235
2.071 3911.01743720725
2.154 4117.45607050144
2.237 3876.4466186001
2.319 3965.686960801
2.402 3729.95375670392
2.485 3758.31153204896
2.568 4007.74071121296
2.651 4205.50743938757
2.734 3971.1268206535
2.817 4219.72731615879
2.899 3916.68969971031
2.982 3979.96661692923
3.065 4055.67358983255
3.148 4125.53801947911
3.231 4353.34128233443
3.314 4178.6931704089
3.396 4394.63428631119
3.479 4388.54831980316
3.562 4391.21667257969
3.645 4465.47892488693
3.728 4693.88553141347
3.811 4606.81388495553
3.894 4564.45360659925
3.976 4520.15596536881
4.059 4871.34567966864
4.142 4851.05617670006
4.225 4571.73643958442
4.308 4880.92394442883
4.391 5034.0554190746
4.474 4752.42148269174
4.556 5338.88647001008
4.639 5276.61712697206
4.722 5256.27227192911
4.805 4956.73475907219
4.888 5176.76362374431
4.971 5723.40358815682
5.054 5546.96759576877
5.136 5272.58723027195
5.219 5464.81112570293
5.302 5599.43829650842
5.385 5801.0242835961
5.468 5941.39210562342
5.551 5826.53724726271
5.634 5714.40888605988
5.716 6008.85482442944
5.799 6108.84486116164
5.882 5972.19791463428
5.965 6265.43789846627
6.048 6065.50116402334
6.131 6277.14926456496
6.214 5966.6449710783
6.296 6404.19684308489
6.379 6480.47169014148
6.462 6776.56581999789
6.545 6631.23012373802
6.628 6473.84372949561
6.711 6881.86836971729
6.793 6828.5089954737
6.876 7232.80534793957
6.959 6946.43243997713
7.042 7264.33230405678
7.125 7296.09741109247
7.208 7756.39705774132
7.291 7164.67967521831
7.373 7574.18302855814
7.456 7512.86177966999
7.539 6881.949301291
7.622 7680.95716719121
7.705 8126.94051505996
7.788 7499.109300593
7.871 7925.29127144387
7.953 7583.48312873477
8.036 8434.85230483255
8.119 8449.70106841907
8.202 7885.36801931031
8.285 8906.25642823044
