0.082 15412.4680623663
0.165 15905.4766410345
0.248 16001.7567424415
0.331 15403.6106497693
0.414 15870.5190173055
0.497 16224.0186652318
0.579 15869.8563879708
0.662 15598.2942911536
0.745 15374.9643572813
0.828 15426.7707386319
0.911 15736.7367282223
0.994 15992.2338806546
1.077 16105.3833053205
1.159 16627.6901803161
1.242 17102.1894784089
1.325 17271.9810999131
1.408 16647.5316328602
1.491 17278.9831391858
1.574 17681.0641350465
1.657 17403.4107565054
1.739 18010.441007704
1.822 17739.2963487675
1.905 18070.9007986911
1.988 17867.3865164788
2.071 18788.298771528
2.154 18479.9719146381
2.237 18406.1835450452
2.319 18627.0227618118
2.402 17969.9689581433
2.485 17770.5594936685
2.568 17645.5454203906
2.651 17637.7165437609
2.734 17883.1551062543
2.817 17679.005803845
2.899 18009.4377672826
2.982 18178.6016836023
3.065 18321.5849259474
3.148 18433.5651082442
3.231 19172.9385463689
3.314 18788.5153451345
3.396 18459.9702175714
3.479 19598.6444865613
3.562 19965.1980110966
3.645 19490.0233827291
3.728 20546.3624713236
3.811 20435.2594779096
3.894 20753.6094408883
3.976 21042.4939062311
4.059 21325.1485965911
4.142 21018.6745692903
4.225 22757.6046767366
4.308 20754.1903093749
4.391 21758.7539565026
4.474 21943.3374966815
4.556 22907.2456508246
4.639 22038.3865606939
4.722 22113.9869168153
4.805 22937.2004843983
4.888 23180.4418876302
4.971 23318.7910692821
5.054 23311.0316134392
5.136 24064.4356612212
5.219 22815.2492145153
5.302 23168.1060627661
5.385 23461.4776505171
5.468 24779.3438528654
5.551 24127.0110729397
5.634 22433.2737618339
5.716 24014.9876859783
5.799 24276.4896928718
5.882 24550.7806122153
5.965 26384.4858561593
6.048 24682.9113891837
6.131 24476.4864743947
6.214 25497.7907699414
6.296 26537.4186472329
6.379 25212.9017398032
6.462 26119.3799860734
6.545 25205.5818228784
6.628 26181.0474021063
6.711 27410.1468812322
6.793 25867.2183563236
6.876 27923.742481825
6.959 25472.8063182393
7.042 26493.6761669362
7.125 27497.6482049271
7.208 27455.1609015775
7.291 28518.8767673575
7.373 26812.5209451347
7.456 28403.1712429149
7.539 27611.283081311
7.622 29079.1256810138
7.705 29057.4919956017
7.788 28779.5357908224
7.871 28793.9726753687
7.953 29109.5869024483
8.036 28924.7966254005
8.119 27750.0556403457
8.202 29642.2740975427
8.285 30601.2313071031
