0.082 6.23545513264608
0.165 26.4913998375918
0.248 51.4545039406321
0.331 89.1695964394539
0.414 145.193749764996
0.497 205.508699188264
0.579 281.863417650845
0.662 331.362139027491
0.745 431.997319501721
0.828 504.405819063431
0.911 582.778714661061
0.994 707.730515422496
1.077 844.56089362965
1.159 854.527119554428
1.242 1010.690152758
1.325 1072.5871178987
1.408 1142.77413977816
1.491 1256.18834428487
1.574 1298.53587941297
1.657 1286.6310946545
1.739 1409.33295649741
1.822 1566.14625596205
1.905 1546.43382196386
1.988 1780.68293083526
2.071 1778.66605197957
2.154 1816.01139770726
2.237 1713.22173049613
2.319 1978.95611219519
2.402 1669.75917472362
2.485 1653.4914081386
2.568 1859.6968445813
2.651 2042.02561321922
2.734 1914.04898318459
2.817 1975.23762032681
2.899 1793.68804440243
2.982 1811.29184124627
3.065 1823.52415601221
3.148 1825.91044507972
3.231 2051.1375047166
3.314 1905.27612610262
3.396 1880.180311488
3.479 2017.56666150634
3.562 1936.68162717385
3.645 1971.34727918525
3.728 1954.84305283408
3.811 1871.56325828837
3.894 1963.76015698529
3.976 1922.87620775746
4.059 1880.37363791632
4.142 2173.17475520447
4.225 2003.58663728143
4.308 2210.14116697137
4.391 2025.01109052419
4.474 2267.11264589056
4.556 2155.1952658885
4.639 2064.96753796106
4.722 2255.74865092369
4.805 2071.56120799577
4.888 2282.7660991782
4.971 2293.06474700421
5.054 2450.33521388247
5.136 2190.34012683268
5.219 2313.51987277491
5.302 2408.71600651755
5.385 2378.38052514731
5.468 2439.27025515329
5.551 2631.06157696432
5.634 2549.48100080461
5.716 2274.51521077963
5.799 2511.05447862339
5.882 2453.0876327657
5.965 2683.67344525951
6.048 2844.38943512692
6.131 2587.00291969945
6.214 2833.01629856672
6.296 2596.83073704542
6.379 2713.69838494563
6.462 2950.50219721201
6.545 3078.00180162331
6.628 3007.14990446054
6.711 2971.37720294794
6.793 2862.0294331164
6.876 3092.37514776994
6.959 2881.84786127848
7.042 2931.34640138552
7.125 3079.21393730134
7.208 3198.18484211002
7.291 3289.9157620542
7.373 3099.84262300116
7.456 3104.3164576467
7.539 3256.56061442184
7.622 3377.21697122849
7.705 3195.78932901128
7.788 3320.14012757456
7.871 3347.8407100956
7.953 3562.73801889731
8.036 3625.46972578528
8.119 3537.88974894253
8.202 3649.30560872584
8.285 3467.69674704606
