Пористость  
53,5
Модуль Юнга
16,4
Предел упругости
0,986
Деформация предела упругости
0,058
Предел текучести
1,07
Деформация предела текучести
0,065
Предел прочности
1,57
Деформация предела прочности
0,338
Распределение
8,7 168
11,6 220
14,5 295
17,4 266
20,3 255
23,2 257
26,099999999999998 257
29 257
31,9 215
34,8 214
37,699999999999996 198
40,6 175
43,5 121
46,4 126
49,3 116
52,199999999999996 111
55,1 87
58 66
60,9 90
63,8 61
66,7 60
69,6 43
72,5 31
75,39999999999999 21
78,3 26
81,2 24
84,1 20
87 15
89,89999999999999 15
92,8 9
95,7 11
98,6 4
101,5 10
104,39999999999999 7
107,3 6
110,2 5
113,1 3
116 6
118,89999999999999 1
121,8 3
124,7 3
127,6 2
130,5 2
133,4 1
136,29999999999998 1
139,2 2
142,1 2
145 1
147,9 1
150,79999999999998 0
153,7 0
156,6 0
159,5 0
162,4 2
165,29999999999998 0
168,2 0
171,1 2
174 0
176,9 0
179,79999999999998 0
182,7 0
185,6 0
188,5 0
191,4 0
194,29999999999998 0
197,2 0
200,1 0
203 0
205,9 0
208,79999999999998 0
211,7 0
214,6 0
217,5 0
220,4 0
223,29999999999998 0
226,2 0
229,1 0
232 0
234,9 0
