Пористость  
75
Модуль Юнга
14,3
Предел упругости
0,3
Деформация предела упругости
0,021
Предел текучести
0,33
Деформация предела текучести
0,026
Предел прочности
0,786
Деформация предела прочности
0,464
Распределение
8,7 13
11,6 5
14,5 5
17,4 5
20,3 6
23,2 3
26,099999999999998 9
29 5
31,9 16
34,8 13
37,699999999999996 10
40,6 20
43,5 24
46,4 15
49,3 20
52,199999999999996 17
55,1 20
58 17
60,9 9
63,8 14
66,7 8
69,6 17
72,5 19
75,39999999999999 15
78,3 18
81,2 17
84,1 18
87 11
89,89999999999999 14
92,8 19
95,7 19
98,6 20
101,5 21
104,39999999999999 16
107,3 19
110,2 11
113,1 14
116 9
118,89999999999999 10
121,8 12
124,7 21
127,6 13
130,5 17
133,4 20
136,29999999999998 9
139,2 13
142,1 14
145 9
147,9 7
150,79999999999998 15
153,7 16
156,6 11
159,5 13
162,4 13
165,29999999999998 11
168,2 9
171,1 10
174 9
176,9 8
179,79999999999998 10
182,7 13
185,6 10
188,5 3
191,4 9
194,29999999999998 5
197,2 3
200,1 2
203 4
205,9 2
208,79999999999998 2
211,7 3
214,6 3
217,5 2
220,4 7
223,29999999999998 4
226,2 1
229,1 3
232 3
234,9 1
