Пористость  
75
Модуль Юнга
5,27
Предел упругости
0,316
Деформация предела упругости
0,06
Предел текучести
0,36
Деформация предела текучести
0,07
Предел прочности
0,496
Деформация предела прочности
0,144
Распределение
8,7 24
11,6 5
14,5 15
17,4 13
20,3 14
23,2 35
26,099999999999998 22
29 28
31,9 30
34,8 34
37,699999999999996 47
40,6 43
43,5 73
46,4 47
49,3 69
52,199999999999996 69
55,1 70
58 76
60,9 67
63,8 66
66,7 60
69,6 67
72,5 41
75,39999999999999 32
78,3 30
81,2 23
84,1 37
87 36
89,89999999999999 21
92,8 23
95,7 29
98,6 18
101,5 12
104,39999999999999 22
107,3 24
110,2 36
113,1 26
116 18
118,89999999999999 20
121,8 19
124,7 18
127,6 14
130,5 13
133,4 14
136,29999999999998 16
139,2 13
142,1 16
145 12
147,9 8
150,79999999999998 5
153,7 15
156,6 4
159,5 19
162,4 12
165,29999999999998 7
168,2 10
171,1 8
174 7
176,9 4
179,79999999999998 3
182,7 6
185,6 1
188,5 7
191,4 2
194,29999999999998 1
197,2 2
200,1 3
203 2
205,9 3
208,79999999999998 2
211,7 3
214,6 5
217,5 4
220,4 0
223,29999999999998 2
226,2 0
229,1 2
