Пористость  
65
Модуль Юнга
10,3
Предел упругости
0,4
Деформация предела упругости
0,039
Предел текучести
0,4
Деформация предела текучести
0,039
Предел прочности
0,54
Деформация предела прочности
0,07
Распределение
8,7 16
11,6 16
14,5 13
17,4 10
20,3 16
23,2 19
26,099999999999998 26
29 31
31,9 30
34,8 37
37,699999999999996 55
40,6 54
43,5 59
46,4 63
49,3 60
52,199999999999996 65
55,1 51
58 69
60,9 67
63,8 57
66,7 38
69,6 52
72,5 44
75,39999999999999 47
78,3 51
81,2 24
84,1 27
87 32
89,89999999999999 19
92,8 31
95,7 32
98,6 27
101,5 28
104,39999999999999 31
107,3 33
110,2 35
113,1 19
116 27
118,89999999999999 16
121,8 20
124,7 18
127,6 10
130,5 18
133,4 16
136,29999999999998 9
139,2 9
142,1 7
145 10
147,9 6
150,79999999999998 9
153,7 1
156,6 7
159,5 8
162,4 6
165,29999999999998 2
168,2 7
171,1 1
174 5
176,9 3
179,79999999999998 7
182,7 2
185,6 2
188,5 4
191,4 4
194,29999999999998 1
197,2 1
200,1 1
203 0
205,9 1
208,79999999999998 3
211,7 1
214,6 0
217,5 0
220,4 1
223,29999999999998 1
226,2 0
229,1 0
232 0
234,9 0
237,79999999999998 0
