Пористость  
53,5
Модуль Юнга
16,4
Предел упругости
0,81
Деформация предела упругости
0,043
Предел текучести
1,017
Деформация предела текучести
0,065
Предел прочности
1,86
Деформация предела прочности
0,404
Распределение
8,7 143
11,6 191
14,5 266
17,4 298
20,3 260
23,2 309
26,099999999999998 324
29 272
31,9 291
34,8 245
37,699999999999996 212
40,6 207
43,5 166
46,4 107
49,3 93
52,199999999999996 88
55,1 67
58 59
60,9 44
63,8 45
66,7 32
69,6 39
72,5 30
75,39999999999999 28
78,3 17
81,2 15
84,1 14
87 7
89,89999999999999 10
92,8 10
95,7 16
98,6 11
101,5 4
104,39999999999999 6
107,3 2
110,2 2
113,1 1
116 4
118,89999999999999 2
121,8 2
124,7 2
127,6 1
130,5 4
133,4 4
136,29999999999998 1
139,2 1
142,1 0
145 0
147,9 2
150,79999999999998 0
153,7 0
156,6 1
159,5 0
162,4 0
165,29999999999998 1
168,2 0
171,1 0
174 0
176,9 0
179,79999999999998 0
182,7 0
185,6 0
188,5 0
191,4 0
194,29999999999998 0
197,2 0
200,1 0
203 0
205,9 0
208,79999999999998 0
211,7 0
214,6 0
217,5 0
220,4 0
223,29999999999998 0
226,2 0
229,1 0
232 0
234,9 0
