Пористость  
65
Модуль Юнга
16
Предел упругости
0,768
Деформация предела упругости
0,048
Предел текучести
0,858
Деформация предела текучести
0,056
Предел прочности
1,15
Деформация предела прочности
0,109
Распределение
8,7 16
11,6 11
14,5 21
17,4 19
20,3 29
23,2 36
26,099999999999998 45
29 42
31,9 62
34,8 54
37,699999999999996 69
40,6 60
43,5 52
46,4 56
49,3 54
52,199999999999996 57
55,1 75
58 66
60,9 56
63,8 50
66,7 60
69,6 34
72,5 39
75,39999999999999 30
78,3 28
81,2 37
84,1 37
87 22
89,89999999999999 25
92,8 22
95,7 23
98,6 33
101,5 25
104,39999999999999 21
107,3 22
110,2 21
113,1 14
116 19
118,89999999999999 13
121,8 12
124,7 14
127,6 15
130,5 10
133,4 8
136,29999999999998 11
139,2 5
142,1 4
145 1
147,9 6
150,79999999999998 4
153,7 7
156,6 7
159,5 8
162,4 5
165,29999999999998 6
168,2 3
171,1 7
174 1
176,9 6
179,79999999999998 3
182,7 0
185,6 1
188,5 2
191,4 3
194,29999999999998 2
197,2 3
200,1 0
203 0
205,9 0
208,79999999999998 1
211,7 2
214,6 0
217,5 2
220,4 0
223,29999999999998 0
226,2 0
229,1 0
232 2
234,9 0
