Пористость  
53,5
Модуль Юнга
15,76
Предел упругости
0,74
Деформация предела упругости
0,041
Предел текучести
0,85
Деформация предела текучести
0,058
Предел прочности
1,28
Деформация предела прочности
0,188
Распределение
8,7 141
11,6 173
14,5 226
17,4 253
20,3 238
23,2 227
26,099999999999998 192
29 220
31,9 198
34,8 214
37,699999999999996 188
40,6 157
43,5 127
46,4 114
49,3 109
52,199999999999996 103
55,1 70
58 58
60,9 60
63,8 55
66,7 52
69,6 43
72,5 47
75,39999999999999 37
78,3 31
81,2 28
84,1 31
87 22
89,89999999999999 22
92,8 27
95,7 11
98,6 10
101,5 11
104,39999999999999 7
107,3 7
110,2 6
113,1 4
116 4
118,89999999999999 3
121,8 3
124,7 8
127,6 2
130,5 3
133,4 2
136,29999999999998 0
139,2 0
142,1 0
145 0
147,9 3
150,79999999999998 1
153,7 3
156,6 0
159,5 0
162,4 0
165,29999999999998 0
168,2 1
171,1 0
174 1
176,9 0
179,79999999999998 0
182,7 1
185,6 0
188,5 0
191,4 0
194,29999999999998 0
197,2 0
200,1 0
203 0
205,9 1
208,79999999999998 0
211,7 0
214,6 1
217,5 0
220,4 0
223,29999999999998 0
226,2 0
229,1 0
232 0
234,9 0
