Пористость
45
Модуль Юнга
48,8
Предел упругости
1,28
Деформация предела упругости
0,028
Предел текучести
1,64
Деформация предела текучести
0,0385
Предел прочности
2,66
Деформация предела прочности
0,137
Распределение
11,6 193
14,5 127
17,4 102
20,3 132
23,2 194
26,099999999999998 220
29 251
31,9 272
34,8 307
37,699999999999996 322
40,6 348
43,5 363
46,4 401
49,3 430
52,199999999999996 425
55,1 438
58 444
60,9 432
63,8 352
66,7 317
69,6 263
72,5 242
75,39999999999999 166
78,3 141
81,2 128
84,1 109
87 89
89,89999999999999 95
92,8 72
95,7 89
98,6 43
101,5 75
104,39999999999999 81
107,3 53
110,2 64
113,1 53
116 45
118,89999999999999 52
121,8 47
124,7 44
127,6 30
130,5 27
133,4 23
136,29999999999998 22
139,2 21
142,1 13
145 16
147,9 22
150,79999999999998 10
153,7 14
156,6 11
159,5 7
162,4 11
165,29999999999998 9
168,2 5
171,1 7
174 6
176,9 9
179,79999999999998 8
182,7 2
185,6 11
188,5 6
191,4 10
194,29999999999998 2
197,2 4
200,1 3
203 2
205,9 2
208,79999999999998 0
211,7 4
214,6 3
217,5 2
220,4 0
223,29999999999998 0
226,2 0
229,1 0
232 3
234,9 1
237,79999999999998 0
240,7 2
243,6 0
246,5 1
249,4 0
252,29999999999998 1
255,2 0
258,09999999999997 1
261 0
263,9 0
266,8 0
269,7 0
272,59999999999997 0
275,5 0
278,4 0
281,3 0
284,2 0
287,09999999999997 1
290 0
292,9 0
295,8 1
298,7 0
301,59999999999997 0
304,5 0
307,4 0
310,3 0
313,2 0
316,09999999999997 0
319 0
321,9 0
324,8 0
327,7 0
330,59999999999997 0
333,5 0
336,4 0
339,3 0
342,2 0
345,09999999999997 0
348 0
350,9 0
353,8 0
356,7 0
359,59999999999997 0
362,5 0
365,4 0
368,3 0
371,2 0
374,09999999999997 0
377 0
379,9 0
382,8 0
385,7 0
388,59999999999997 0
391,5 0
394,4 0
397,3 0
400,2 0
403,09999999999997 0
406 0
408,9 0
411,8 0
414,7 0
