Пористость  
50
Модуль Юнга
18,6
Предел упругости
0,92
Деформация предела упругости
0,05
Предел текучести
0,97
Деформация предела текучести
0,0545
Предел прочности
1,68
Деформация предела прочности
0,29
Распределение
8,7 324
11,6 294
14,5 291
17,4 273
20,3 280
23,2 259
26,099999999999998 207
29 254
31,9 204
34,8 225
37,699999999999996 198
40,6 194
43,5 175
46,4 161
49,3 136
52,199999999999996 142
55,1 133
58 153
60,9 138
63,8 131
66,7 138
69,6 138
72,5 121
75,39999999999999 119
78,3 132
81,2 98
84,1 114
87 102
89,89999999999999 97
92,8 94
95,7 95
98,6 100
101,5 86
104,39999999999999 95
107,3 83
110,2 70
113,1 68
116 71
118,89999999999999 66
121,8 53
124,7 53
127,6 40
130,5 50
133,4 52
136,29999999999998 45
139,2 41
142,1 49
145 52
147,9 29
150,79999999999998 29
153,7 28
156,6 19
159,5 30
162,4 33
165,29999999999998 21
168,2 21
171,1 21
174 22
176,9 15
179,79999999999998 14
182,7 22
185,6 15
188,5 12
191,4 15
194,29999999999998 17
197,2 16
200,1 8
203 10
205,9 10
208,79999999999998 15
211,7 5
214,6 10
217,5 12
220,4 7
223,29999999999998 7
226,2 16
229,1 10
232 6
234,9 10
237,79999999999998 4
240,7 2
243,6 7
246,5 4
249,4 12
252,29999999999998 8
255,2 5
258,09999999999997 5
261 2
263,9 7
266,8 0
269,7 6
272,59999999999997 3
275,5 5
278,4 0
281,3 7
284,2 3
287,09999999999997 1
290 3
292,9 2
295,8 0
298,7 3
301,59999999999997 2
304,5 4
307,4 0
310,3 2
313,2 2
316,09999999999997 1
319 1
321,9 1
324,8 1
327,7 2
330,59999999999997 1
333,5 0
336,4 1
339,3 0
342,2 2
345,09999999999997 2
348 2
350,9 0
353,8 0
356,7 1
359,59999999999997 1
362,5 1
365,4 1
368,3 0
371,2 0
374,09999999999997 1
377 0
379,9 0
382,8 0
385,7 0
388,59999999999997 0
391,5 1
394,4 0
397,3 0
400,2 0
403,09999999999997 0
406 1
408,9 0
411,8 0
414,7 0
417,59999999999997 1
