Пористость
50
Модуль Юнга
23,3
Предел упругости
0,69
Деформация предела упругости
0,027
Предел текучести
0,81
Деформация предела текучести
0,034
Предел прочности
1,22
Деформация предела прочности
0,072
Распределение
8,7 366
11,6 322
14,5 330
17,4 292
20,3 242
23,2 296
26,099999999999998 236
29 234
31,9 218
34,8 196
37,699999999999996 195
40,6 179
43,5 164
46,4 153
49,3 165
52,199999999999996 127
55,1 160
58 139
60,9 145
63,8 123
66,7 109
69,6 94
72,5 87
75,39999999999999 97
78,3 74
81,2 76
84,1 75
87 86
89,89999999999999 69
92,8 64
95,7 61
98,6 66
101,5 62
104,39999999999999 64
107,3 79
110,2 49
113,1 51
116 62
118,89999999999999 46
121,8 55
124,7 48
127,6 59
130,5 61
133,4 44
136,29999999999998 44
139,2 51
142,1 38
145 41
147,9 42
150,79999999999998 44
153,7 37
156,6 45
159,5 44
162,4 40
165,29999999999998 30
168,2 31
171,1 30
174 25
176,9 26
179,79999999999998 21
182,7 30
185,6 25
188,5 33
191,4 21
194,29999999999998 13
197,2 15
200,1 15
203 12
205,9 18
208,79999999999998 20
211,7 16
214,6 8
217,5 11
220,4 15
223,29999999999998 10
226,2 8
229,1 10
232 11
234,9 15
237,79999999999998 7
240,7 12
243,6 8
246,5 7
249,4 7
252,29999999999998 8
255,2 12
258,09999999999997 9
261 4
263,9 4
266,8 8
269,7 4
272,59999999999997 7
275,5 5
278,4 4
281,3 2
284,2 3
287,09999999999997 3
290 4
292,9 3
295,8 4
298,7 3
301,59999999999997 3
304,5 1
307,4 1
310,3 5
313,2 0
316,09999999999997 0
319 2
321,9 2
324,8 2
327,7 1
330,59999999999997 2
333,5 2
336,4 0
339,3 0
342,2 1
345,09999999999997 3
348 1
350,9 0
353,8 2
356,7 0
359,59999999999997 2
362,5 0
365,4 2
368,3 0
371,2 1
374,09999999999997 1
377 1
379,9 0
382,8 2
385,7 1
388,59999999999997 2
391,5 1
394,4 0
397,3 1
400,2 1
403,09999999999997 0
406 0
408,9 0
411,8 0
414,7 1
