Пористость  
75
Модуль Юнга
5,3
Предел упругости
0,27
Деформация предела упругости
0,051
Предел текучести
0,343
Деформация предела текучести
0,067
Предел прочности
0,726
Деформация предела прочности
0,345
Распределение
8,7 20
11,6 9
14,5 10
17,4 9
20,3 12
23,2 20
26,099999999999998 13
29 17
31,9 24
34,8 20
37,699999999999996 21
40,6 33
43,5 41
46,4 32
49,3 26
52,199999999999996 46
55,1 56
58 49
60,9 59
63,8 47
66,7 87
69,6 69
72,5 56
75,39999999999999 50
78,3 62
81,2 36
84,1 32
87 44
89,89999999999999 36
92,8 32
95,7 24
98,6 31
101,5 30
104,39999999999999 34
107,3 30
110,2 20
113,1 26
116 23
118,89999999999999 23
121,8 8
124,7 10
127,6 11
130,5 10
133,4 9
136,29999999999998 19
139,2 9
142,1 6
145 12
147,9 15
150,79999999999998 13
153,7 14
156,6 11
159,5 9
162,4 12
165,29999999999998 11
168,2 4
171,1 8
174 6
176,9 14
179,79999999999998 3
182,7 5
185,6 8
188,5 9
191,4 3
194,29999999999998 5
197,2 5
200,1 2
203 3
205,9 3
208,79999999999998 3
211,7 3
214,6 3
217,5 3
220,4 2
223,29999999999998 7
226,2 4
229,1 1
232 2
234,9 2
