Пористость  
65
Модуль Юнга
10,8
Предел упругости
0,515
Деформация предела упругости
0,044
Предел текучести
0,56
Деформация предела текучести
0,055
Предел прочности
1,056
Деформация предела прочности
0,212
Распределение
8,7 22
11,6 11
14,5 12
17,4 15
20,3 18
23,2 23
26,099999999999998 29
29 26
31,9 36
34,8 48
37,699999999999996 60
40,6 68
43,5 64
46,4 69
49,3 72
52,199999999999996 58
55,1 54
58 82
60,9 63
63,8 41
66,7 52
69,6 43
72,5 26
75,39999999999999 47
78,3 28
81,2 36
84,1 30
87 25
89,89999999999999 28
92,8 22
95,7 28
98,6 23
101,5 31
104,39999999999999 24
107,3 23
110,2 19
113,1 24
116 23
118,89999999999999 13
121,8 21
124,7 16
127,6 22
130,5 23
133,4 14
136,29999999999998 18
139,2 6
142,1 7
145 6
147,9 2
150,79999999999998 4
153,7 7
156,6 4
159,5 7
162,4 7
165,29999999999998 7
168,2 3
171,1 4
174 2
176,9 6
179,79999999999998 7
182,7 5
185,6 2
188,5 2
191,4 1
194,29999999999998 0
197,2 0
200,1 5
203 0
205,9 0
208,79999999999998 2
211,7 0
214,6 1
217,5 2
220,4 0
223,29999999999998 0
226,2 1
229,1 1
232 1
234,9 0
237,79999999999998 2
240,7 0
