Ac Ag Al As Au  B Ba Be Bi Br  C Ca Cd Ce Cl Co Cr Cs Cu Dy Er Eu  F Fe Ga Gd Ge  H Hf Hg Ho  I In Ir  K La Li Lu Mg Mn Mo  N Na Nb Nd Ni  O Os  P Pb Pd Pr Pt Rb Re Rh Ru  S Sb Sc Se Si Sm Sn Sr Ta Tb Tc Te Th Ti Tl Tm  U  V  W Xe  Y Yb Zn Zr
 0  0  0  0  0  0  0  0  0  0  0  0  0  0  0  0  0  0  0  0  0  0  1  0  0  0  0  0  0  0  0  0  0  0  1  0  0  0  0  0  0  0  0  0  0  0  1  0  0  0  0  0  0  0  0  0  0  0  0  0  0  0  0  0  0  0  0  0  0  0  0  1  0  0  0  0  0  0  0  0  1
 0  1  0  0  0  1  1  0  0  0  0  0  0  0  0  0  0  0  0  0  0  0  0  0  0  0  0  0  0  0  0  0  0  0  0  0  0  0  0  0  0  0  0  0  0  0  0  0  0  0  0  0  0  0  0  0  0  1  0  0  1  0  0  1  0  0  0  0  0  0  0  0  0  0  0  0  0  0  0  0  0
 0  0  0  0  0  1  0  1  0  0  0  0  0  0  0  0  0  0  0  0  0  0  0  0  0  0  0  0  0  0  0  0  0  0  0  0  0  0  0  1  0  0  0  0  0  0  1  0  0  0  0  0  0  0  0  0  0  1  0  0  0  1  0  0  0  0  0  0  1  0  0  0  0  0  0  0  0  0  0  0  0

[[0.    0.039 0.051 0.037 0.007 0.162 0.055 0.023 0.02  0.028 0.296 0.038
  0.028 0.    0.049 0.027 0.029 0.035 0.058 0.003 0.007 0.    0.148 0.042
  0.045 0.    0.057 0.145 0.007 0.02  0.005 0.062 0.022 0.005 0.068 0.017
  0.2   0.004 0.034 0.056 0.017 0.244 0.086 0.036 0.007 0.019 0.557 0.001
  0.173 0.019 0.002 0.006 0.007 0.036 0.007 0.005 0.002 0.398 0.045 0.009
  0.077 0.098 0.008 0.043 0.035 0.024 0.006 0.    0.055 0.    0.022 0.017
  0.006 0.    0.05  0.031 0.    0.023 0.001 0.061 0.012]
 [0.    0.039 0.051 0.037 0.007 0.162 0.054 0.023 0.02  0.028 0.295 0.038
  0.028 0.    0.049 0.027 0.029 0.035 0.058 0.003 0.007 0.    0.148 0.042
  0.045 0.    0.057 0.145 0.007 0.02  0.005 0.062 0.022 0.005 0.068 0.017
  0.2   0.004 0.034 0.056 0.017 0.243 0.086 0.036 0.007 0.019 0.558 0.001
  0.172 0.019 0.002 0.006 0.007 0.036 0.007 0.005 0.002 0.397 0.045 0.009
  0.077 0.098 0.008 0.043 0.035 0.024 0.006 0.    0.055 0.    0.022 0.017
  0.006 0.    0.05  0.031 0.    0.023 0.001 0.061 0.012]
 [0.    0.039 0.051 0.037 0.007 0.162 0.055 0.023 0.02  0.028 0.296 0.038
  0.028 0.    0.049 0.027 0.029 0.035 0.058 0.003 0.007 0.    0.148 0.042
  0.045 0.    0.057 0.145 0.007 0.02  0.005 0.062 0.022 0.005 0.068 0.017
  0.2   0.004 0.034 0.056 0.017 0.244 0.086 0.036 0.007 0.019 0.557 0.001
  0.173 0.019 0.002 0.006 0.007 0.036 0.007 0.005 0.002 0.398 0.045 0.009
  0.078 0.098 0.008 0.043 0.035 0.024 0.006 0.    0.055 0.    0.022 0.017
  0.006 0.    0.05  0.031 0.    0.023 0.001 0.061 0.012]]