0.082 16387.4807097617
0.164 16944.9333754042
0.246 16579.8197204463
0.328 16746.6745401813
0.411 16656.5991882659
0.493 16992.8269895359
0.575 16096.3932219603
0.657 16042.0015779229
0.739 16366.7663878116
0.822 17226.7253444077
0.904 16983.8459995563
0.986 16858.971898442
1.068 17585.3770715673
1.151 16460.5716404284
1.233 17758.4559937024
1.315 17931.5884730546
1.397 18094.3035742836
1.479 18687.8935581092
1.562 17831.0092835385
1.644 18628.1840896478
1.726 18638.053883494
1.808 18758.1381096315
1.891 18325.8554456034
1.973 18553.4421808507
2.055 18776.9289196242
2.137 18725.2042380242
2.219 18508.2014371733
2.302 18629.4071011228
2.384 17911.4354356403
2.466 18067.7543778504
2.548 17659.9728754515
2.631 18089.2501260472
2.713 17792.717254792
2.795 18033.8533281221
2.877 18671.210399393
2.959 18653.2274943126
3.042 18342.9303397808
3.124 18316.8595242633
3.206 19086.8893726875
3.288 19244.0412228432
3.371 20264.6786599306
3.453 19283.0134843393
3.535 20420.6768136463
3.617 19883.4362217899
3.699 20434.5839668238
3.782 21371.3099083347
3.864 20595.8423706231
3.946 22419.0511469104
4.028 22035.5055971096
4.111 22641.2659612372
4.193 22607.9712069411
4.275 23706.208235324
4.357 23071.0301573814
4.439 23010.3364059945
4.522 25035.0281682548
4.604 24622.3791092638
4.686 22242.0042355148
4.768 23467.7310945613
4.851 24001.9481270038
4.933 24674.1976448592
5.015 24378.4219010756
5.097 24954.6718822381
5.179 23150.5798589034
5.262 24247.5858761659
5.344 24107.2129621293
5.426 24870.4364720189
5.508 25710.1389611681
5.59 26222.1914367994
5.673 25447.1351669579
5.755 26324.527223385
5.837 25211.3444242937
5.919 24727.4972009355
6.002 25490.2179790008
6.084 27056.6192512646
6.166 26033.7354347201
6.248 27075.84661212
6.33 26521.3377182753
6.413 26808.8811474057
6.495 26854.3218344341
6.577 29110.8841435478
6.659 26822.0849450652
6.742 26775.5010016556
6.824 25940.8595323074
6.906 27621.4448298852
6.988 28367.4076684343
7.07 28271.4917924288
7.153 29118.1108867365
7.235 28351.5250047447
7.317 28494.2000693777
7.399 28423.8789514802
7.482 30060.3065311074
7.564 29322.1334947732
7.646 29893.9284985568
7.728 29739.9710492616
7.81 29184.2621159325
7.893 30192.2862315979
7.975 31620.6252380583
8.057 30660.6215142089
8.139 32819.707264949
8.222 30908.6804002716
