0.082 1198.71570978922
0.164 1256.97340264547
0.246 1244.99748625967
0.328 1313.51101082785
0.411 1274.064032351
0.493 1318.2301639937
0.575 1447.9647549286
0.657 1580.46319929054
0.739 1648.58705905408
0.822 1788.81977371181
0.904 2100.51874110158
0.986 2165.23068709592
1.068 2302.98759432032
1.151 2438.85588787948
1.233 2736.2021620102
1.315 2731.69174849437
1.397 3087.58035837372
1.479 3106.0425247559
1.562 3119.34805556582
1.644 3532.48761115944
1.726 3443.95823350916
1.808 3501.3078960917
1.891 3537.89941569118
1.973 3669.77378911891
2.055 3772.39887274226
2.137 3823.85128601297
2.219 3741.78510940026
2.302 3963.0545015945
2.384 3932.90997008072
2.466 3848.8162877707
2.548 3820.76104188885
2.631 3907.57644183005
2.713 4031.3198021744
2.795 4186.46836492395
2.877 4246.48239644226
2.959 4360.39931290029
3.042 4265.04961334586
3.124 4180.52882210378
3.206 4158.00341640776
3.288 4108.91121041938
3.371 4386.63928710052
3.453 4481.77003669745
3.535 4295.45832242398
3.617 4435.07035716799
3.699 4571.36233486946
3.782 4601.03774151528
3.864 4520.32942620961
3.946 4961.43293806943
4.028 4820.83379393902
4.111 4653.12361232641
4.193 5073.89032688695
4.275 5141.15418265141
4.357 5300.44158383426
4.439 5116.66264240796
4.522 5243.08184164105
4.604 5287.64562882952
4.686 5132.526492254
4.768 5003.18470433264
4.851 5529.02525836328
4.933 5625.76987423845
5.015 5652.59087478689
5.097 5977.58405898223
5.179 5684.27218039927
5.262 5567.06190374437
5.344 5960.03057866151
5.426 6122.77396224264
5.508 6089.50336632801
5.59 6015.73974216359
5.673 6083.08005101505
5.755 6136.88350086291
5.837 6214.74064466073
5.919 6494.19866489819
6.002 6440.55375207798
6.084 6441.32113298794
6.166 6503.00010367001
6.248 6961.82506139232
6.33 6983.9556193681
6.413 7155.09727603186
6.495 6946.35795846069
6.577 6918.85133488803
6.659 6983.83160898297
6.742 7487.12888952163
6.824 7352.78564192822
6.906 7846.33948991411
6.988 7773.36776586439
7.07 7939.48950632727
7.153 8253.28221741952
7.235 8067.35606632064
7.317 7625.17739850474
7.399 8004.01287498197
7.482 7823.86797587584
7.564 7714.54142035307
7.646 8534.68470135085
7.728 7903.5667532337
7.81 8435.53886322592
7.893 8348.65522724098
7.975 8806.3581174785
8.057 8193.66889286407
8.139 8499.69727872915
8.222 8847.31637117893
