0.082 5372.29603515905
0.164 5484.3653804248
0.246 5499.19521452429
0.328 5526.64356297636
0.411 5592.60809504526
0.493 5499.6601590489
0.575 5567.41717703888
0.657 5679.84402951735
0.739 5924.4862769306
0.822 6338.54940037234
0.904 6380.65515945799
0.986 6581.963047999
1.068 6988.2525924233
1.151 6892.15193524443
1.233 7603.21589007354
1.315 7578.87541008003
1.397 7880.24513015948
1.479 8155.07366542476
1.562 7829.3806616724
1.644 8264.62837062842
1.726 8556.99848246917
1.808 8622.90824311194
1.891 8401.26426995945
1.973 8807.05560567889
2.055 8518.72908120997
2.137 8650.11956733155
2.219 8604.69861918546
2.302 8775.75096013529
2.384 8607.45673981975
2.466 8282.39558918885
2.548 8087.13256033316
2.631 8264.85367568006
2.713 8245.62432757334
2.795 8580.89310647955
2.877 8668.42778447199
2.959 8977.237150386
3.042 8760.59300313758
3.124 8600.01351013098
3.206 8774.35377229273
3.288 9043.70655817723
3.371 9204.22456058041
3.453 8716.2469531314
3.535 9072.19180910035
3.617 9733.66441960562
3.699 9753.59975622659
3.782 9775.13655614405
3.864 9750.46996165847
3.946 10466.6752905857
4.028 10877.1130612839
4.111 10801.0216152637
4.193 10999.2036664075
4.275 10939.0395857792
4.357 10853.4760230021
4.439 11111.200144737
4.522 11780.5603077192
4.604 11924.633510777
4.686 11118.2021038129
4.768 11976.4314059635
4.851 12122.1094690694
4.933 12304.6236917156
5.015 12084.3158057723
5.097 12345.2987709185
5.179 11909.2058361609
5.262 11841.3076410864
5.344 12123.623685625
5.426 13034.9453054189
5.508 12491.850049605
5.59 12751.2023613814
5.673 12776.8333605967
5.755 13396.0370512251
5.837 12172.6745071678
5.919 12282.900557571
6.002 12896.7855209975
6.084 13133.3368451103
6.166 13281.2725825703
6.248 12867.0108202374
6.33 13052.9779910375
6.413 14374.1481784336
6.495 14014.4195115159
6.577 13745.1242216055
6.659 13083.6768310969
6.742 15521.5290447511
6.824 13951.308035923
6.906 14231.2682156367
6.988 14830.8253234616
7.07 15186.1930409985
7.153 15322.8731338894
7.235 14638.8796868799
7.317 15147.0216991232
7.399 14921.5344902794
7.482 15486.7221179895
7.564 15062.4163914384
7.646 15761.039565049
7.728 17155.2557762295
7.81 16199.2261877534
7.893 17313.8164333197
7.975 16392.1856223114
8.057 16221.6619545063
8.139 17103.4176379906
8.222 17107.0549941427
