0.082 5.65860534894947
0.164 22.9746838612848
0.246 53.8673552871942
0.328 86.6681252038365
0.411 143.195579824609
0.493 187.578514284757
0.575 262.188579317652
0.657 326.080384694665
0.739 384.263179385815
0.822 499.032383572686
0.904 576.602388141715
0.986 711.923315485605
1.068 785.902750460436
1.151 862.682614878421
1.233 1009.69509332806
1.315 1041.66185780172
1.397 1222.4084769284
1.479 1262.59664108965
1.562 1251.05279524743
1.644 1336.09140532102
1.726 1500.37907273645
1.808 1533.66685492254
1.891 1537.18361744141
1.973 1719.62781353798
2.055 1588.68466847616
2.137 1710.15215305254
2.219 1705.78394896512
2.302 1751.06326523439
2.384 1780.96759620369
2.466 1718.95971756986
2.548 1821.50452528045
2.631 1774.60168498112
2.713 1799.87686329797
2.795 1925.81670526213
2.877 1839.61448618253
2.959 2112.46761545534
3.042 1966.55253874318
3.124 1822.79107623062
3.206 1925.81276947194
3.288 1964.81543826024
3.371 1871.57880320949
3.453 1858.85420048026
3.535 1904.38826195092
3.617 1960.89578444049
3.699 2019.23010504939
3.782 1984.18174273147
3.864 2076.92215205018
3.946 2157.58536379938
4.028 2115.8241398829
4.111 2125.30055988399
4.193 2171.71555566813
4.275 2101.24276963865
4.357 2188.21490935683
4.439 1987.54275667653
4.522 2268.45914817085
4.604 2104.99847281493
4.686 2254.78934436311
4.768 2340.94731251312
4.851 2262.75927882438
4.933 2558.90644920101
5.015 2506.55569561778
5.097 2395.65488265713
5.179 2643.59336329168
5.262 2452.88745834607
5.344 2454.95230974214
5.426 2816.63317783459
5.508 2540.39179234136
5.59 2438.02980162397
5.673 2593.25540092246
5.755 2653.6935838636
5.837 2827.05764110138
5.919 3036.40894835672
6.002 2876.13378691077
6.084 2826.1924565421
6.166 2748.64545912293
6.248 2711.44470345759
6.33 2976.5946497915
6.413 3157.81697133414
6.495 2955.48543213321
6.577 2944.86975479114
6.659 3229.83560613281
6.742 3443.36518610433
6.824 3502.0416568469
6.906 3033.79240829454
6.988 3330.13653112938
7.07 3409.3356895538
7.153 3216.29042457846
7.235 3173.757054842
7.317 3365.02679717331
7.399 3689.54388477561
7.482 3315.66860765154
7.564 3781.96729314813
7.646 3591.12483375993
7.728 3742.76863194528
7.81 3682.44803603024
7.893 3542.79563944076
7.975 3974.6321053836
8.057 4225.52655784547
8.139 4002.72959040828
8.222 3936.65148302572
