0.083 976.81621655717
0.166 1046.14978436144
0.249 1067.53987242507
0.332 1033.80329268491
0.415 1189.83783003531
0.498 1158.23212717314
0.581 1247.57922319465
0.664 1509.29283109114
0.747 1535.13878686656
0.83 1672.50714441212
0.913 1834.38129769921
0.997 2035.62049453784
1.08 2227.75425929307
1.163 2325.28277944659
1.246 2548.99281044929
1.329 2786.1662187705
1.412 2966.08106572573
1.495 3086.15227871581
1.578 3312.17303048794
1.661 3352.54988296708
1.744 3400.5043934853
1.827 3569.96442523978
1.911 3482.37839544686
1.994 3613.4185637191
2.077 3855.039252932
2.16 3684.45843325099
2.243 3919.69407458914
2.326 3982.66707015954
2.409 3875.54438708032
2.492 4043.31944614909
2.575 3981.81946748292
2.658 4015.41663326136
2.741 4127.55930984839
2.824 4058.1752520291
2.908 3932.21750635356
2.991 4110.53878962539
3.074 3939.48188176915
3.157 4058.06319503048
3.24 4269.23619483357
3.323 4151.22949411375
3.406 3990.15866209265
3.489 4398.82994612427
3.572 4247.88618607197
3.655 4139.86910903201
3.738 4420.16571249726
3.822 4327.41391934639
3.905 4699.78496597452
3.988 4385.04814312588
4.071 4911.14228996396
4.154 4421.09789769433
4.237 4615.55825188335
4.32 4801.33905108354
4.403 4746.38999629037
4.486 4864.26076527619
4.569 5045.03320232213
4.652 4802.47100558756
4.735 5090.84944807797
4.819 4969.69692729654
4.902 5100.6720126972
4.985 5009.92968736671
5.068 5613.10328116547
5.151 5231.77963346731
5.234 5396.75098795903
5.317 5488.87598339356
5.4 5761.93279491825
5.483 5888.05265995152
5.566 5657.50630276777
5.649 5809.34498606722
5.733 6070.40342732963
5.816 6237.17173317452
5.899 5889.86126127524
5.982 5663.64204399003
6.065 6115.07068176256
6.148 6287.74748290441
6.231 6104.82752930773
6.314 5965.80521728142
6.397 6478.72011880715
6.48 6012.05045868133
6.563 6370.57168418115
6.647 6381.44962224103
6.73 6810.71067145903
6.813 6697.54956852074
6.896 6581.63186928935
6.979 7320.03585197471
7.062 6781.99801062013
7.145 6975.75097169493
7.228 7343.71424011921
7.311 7051.34997326062
7.394 6533.93113133203
7.477 7453.19189351192
7.56 7293.88483119811
7.644 8224.0707116822
7.727 7545.6047928672
7.81 7712.32982341632
7.893 7154.97531963557
7.976 7445.61775419357
8.059 7593.02326105111
8.142 7923.228201357
8.225 7887.53342275349
8.308 8960.36618007319
