0.083 4523.12352650057
0.166 4879.7446372842
0.249 4977.51316779225
0.332 4593.75668265703
0.415 4748.65118721306
0.498 4941.72343579773
0.581 5028.83248868556
0.664 5447.07125839409
0.747 5230.38108452142
0.83 5310.42009921799
0.913 5796.77300877867
0.997 5932.94787683622
1.08 6333.36964298304
1.163 6427.23902376474
1.246 6563.60037786647
1.329 7079.47000621682
1.412 7534.91364139491
1.495 7572.79454915183
1.578 7991.18466696829
1.661 7958.67623690964
1.744 7825.8414794066
1.827 8392.91540765264
1.911 8002.57086932528
1.994 8395.47970430934
2.077 8499.67838733637
2.16 8104.10843563328
2.243 8434.27294910424
2.326 8474.20979804193
2.409 8429.37757906688
2.492 8568.59522971284
2.575 8409.35642125023
2.658 8406.99576709744
2.741 8710.53327677326
2.824 8471.24899425246
2.908 8397.45493468511
2.991 8478.89951271226
3.074 8467.06934117479
3.157 8601.06222913166
3.24 8964.81515810571
3.323 8573.11461267701
3.406 8581.08871231785
3.489 9217.49711427085
3.572 9003.62734547407
3.655 9097.98277483304
3.738 9435.90384696036
3.822 9486.02353208813
3.905 9450.94717920924
3.988 9740.45186034217
4.071 10313.4486977683
4.154 9862.65231716451
4.237 10664.3231302748
4.32 10894.1430809544
4.403 10538.4834819276
4.486 10355.3317258984
4.569 11192.9722200095
4.652 10754.7204359609
4.735 10961.4956091165
4.819 10908.4968546817
4.902 11270.9863605625
4.985 10433.8264787904
5.068 11375.578766482
5.151 11228.5141349289
5.234 11649.9560921595
5.317 11406.4114330511
5.4 11618.4965590242
5.483 11734.2325961303
5.566 12045.3209103979
5.649 11707.0017415898
5.733 12091.7811850427
5.816 11777.5781390751
5.899 12019.1672485145
5.982 11990.493916649
6.065 11958.7598952382
6.148 12454.2850842348
6.231 12349.8836508395
6.314 12518.7419274263
6.397 12494.4660573823
6.48 13434.8923431896
6.563 12775.3014784365
6.647 13627.5384855305
6.73 12767.5689099129
6.813 13253.3816828684
6.896 12874.573758918
6.979 13853.0349919413
7.062 13780.3237532208
7.145 13853.9738892473
7.228 14235.5354332658
7.311 14020.8335370199
7.394 13877.0022954979
7.477 14260.3621673677
7.56 14283.3931430679
7.644 15227.3373819098
7.727 15637.7825035171
7.81 15284.7280105504
7.893 14967.9929354493
7.976 15308.0949778148
8.059 15130.8651233975
8.142 16000.0732598292
8.225 14861.6003122358
8.308 15122.8451101366
