0.083 5.84667318244877
0.166 22.6511214558821
0.249 51.7361483053896
0.332 93.0161357836931
0.415 150.052433843977
0.498 205.89494738963
0.581 275.015880343267
0.664 347.882724065126
0.747 433.941988788347
0.83 505.6221261504
0.913 581.872282494055
0.997 693.473653164111
1.08 837.716606591838
1.163 862.571901227289
1.246 997.316871603912
1.329 1077.47692037239
1.412 1230.61668444795
1.495 1273.46538790644
1.578 1351.55337672447
1.661 1458.94371744434
1.744 1466.44006883263
1.827 1611.47734618043
1.911 1495.75098607581
1.994 1606.42979236023
2.077 1592.14541681723
2.16 1673.60266392511
2.243 1788.87252574709
2.326 1762.989432711
2.409 1854.32815935516
2.492 1877.33367686587
2.575 1784.81286013708
2.658 1879.56612156565
2.741 1934.85108010128
2.824 1746.84082475611
2.908 1807.68556393274
2.991 1946.29476328523
3.074 1894.99411988132
3.157 1815.25178990997
3.24 1971.68869210646
3.323 1856.99148220287
3.406 1992.43635581799
3.489 1901.73823236683
3.572 1933.31787719134
3.655 1867.8963912457
3.738 2067.79034548791
3.822 1842.04280332827
3.905 1970.3644829971
3.988 1981.60790855166
4.071 2100.96050890659
4.154 1933.85015419496
4.237 2114.79242900269
4.32 2159.71365383727
4.403 2044.67859812914
4.486 1932.41185555859
4.569 2213.13131459235
4.652 2022.23213381882
4.735 2068.14315139882
4.819 2245.81050075988
4.902 2474.30110062332
4.985 2120.10822562383
5.068 2369.15271542445
5.151 2288.46204571618
5.234 2413.63663820328
5.317 2453.53295277319
5.4 2285.78593843009
5.483 2237.00810334765
5.566 2586.57559506927
5.649 2343.35158774664
5.733 2587.93148518438
5.816 2545.70468258949
5.899 2536.14795371198
5.982 2453.5061491325
6.065 2612.04143581117
6.148 2578.62861621836
6.231 2780.71354687734
6.314 2637.59892466723
6.397 2662.14207564369
6.48 2506.62455565512
6.563 2766.59138904299
6.647 2769.66868232432
6.73 2941.53599563064
6.813 2640.60141316113
6.896 3135.56164195278
6.979 2707.39690219238
7.062 3080.49769804998
7.145 2957.36049222167
7.228 3155.11966854651
7.311 3021.79212691
7.394 3193.75722597051
7.477 3380.45179329447
7.56 3188.29512761023
7.644 3282.94445906031
7.727 3375.53417303103
7.81 3194.94732231574
7.893 3385.13260497007
7.976 3283.69720757911
8.059 3440.69916312097
8.142 3375.48765884309
8.225 3534.32324611981
8.308 3596.79795870764
