0.083 15046.0459843132
0.166 15326.0928778704
0.249 16085.2583756866
0.332 15155.69190601
0.415 14802.0568025979
0.498 15679.3642461187
0.581 15398.0288990165
0.664 15817.6391117065
0.747 14986.6919295979
0.83 14822.3422111492
0.913 15612.1977051829
0.997 15417.8788865927
1.08 15866.282716694
1.163 16311.4947939925
1.246 16022.4478222859
1.329 16864.6160411207
1.412 17446.381539336
1.495 17434.7936779936
1.578 18106.6197781531
1.661 17384.9737991635
1.744 17625.9529387109
1.827 17905.5005298478
1.911 17665.6694661316
1.994 18510.0976552164
2.077 18399.6182621257
2.16 17481.0737827383
2.243 17777.5008582078
2.326 18105.4661963479
2.409 17701.4675632136
2.492 17975.6930774353
2.575 18019.1035609942
2.658 17817.0768947089
2.741 17724.0921502543
2.824 18637.2185259558
2.908 18421.2430550965
2.991 17426.2178126656
3.074 17763.484973423
3.157 18423.448585323
3.24 19017.9912814001
3.323 18289.3646021218
3.406 18406.0425299851
3.489 19640.5081160436
3.572 18873.7953627204
3.655 19541.8297075926
3.738 20049.7912441521
3.822 20403.5728711185
3.905 20497.6971902609
3.988 20888.2857940016
4.071 21129.5498260414
4.154 21398.0631651206
4.237 21633.1289631192
4.32 21445.7378130499
4.403 22278.2299258714
4.486 21783.6102289441
4.569 23572.5645368782
4.652 23062.5976661029
4.735 22566.6096620706
4.819 22003.6996994826
4.902 23043.1419813394
4.985 23611.9409962329
5.068 23201.9741666092
5.151 23274.8407166088
5.234 24005.573174783
5.317 22441.3313786601
5.4 22454.6232689177
5.483 23293.0920605272
5.566 23657.5938552042
5.649 25789.3270331402
5.733 22532.6025549944
5.816 24442.8570752931
5.899 24045.4043317735
5.982 24418.8787715561
6.065 24517.5073841239
6.148 23710.8665634583
6.231 24048.0251599969
6.314 25343.3214307921
6.397 25133.4655300329
6.48 26299.2095123014
6.563 25096.6987488489
6.647 26958.7256254395
6.73 25255.3241428338
6.813 27494.0112185046
6.896 26008.235032644
6.979 27211.1532028928
7.062 28509.5736967724
7.145 27377.7817519696
7.228 27223.9332262647
7.311 27144.168345305
7.394 27434.7039696693
7.477 27831.0440597657
7.56 26798.6720730484
7.644 30153.6271082806
7.727 28117.6307193348
7.81 28513.5374421344
7.893 27326.6032240184
7.976 28074.8129780109
8.059 27850.68620204
8.142 28930.7621064374
8.225 29710.6909197573
8.308 29553.9792784507
